7.475125789642333984e+00
7.389824390411376953e+00
8.922568321228027344e+00
6.256233215332031250e+00
9.093522071838378906e+00
9.142232894897460938e+00
2.694874286651611328e+00
6.173687934875488281e+00
5.781836509704589844e+00
4.228497028350830078e+00
9.088648796081542969e+00
8.446366310119628906e+00
6.012554168701171875e+00
6.793356895446777344e+00
6.997993469238281250e+00
8.756707191467285156e+00
6.832232952117919922e+00
6.510182380676269531e+00
7.119688034057617188e+00
6.336969852447509766e+00
7.640114784240722656e+00
5.640202999114990234e+00
5.514828205108642578e+00
5.018664360046386719e+00
6.394068241119384766e+00
7.145002841949462891e+00
9.812723159790039062e+00
8.522027015686035156e+00
6.716940402984619141e+00
6.649955272674560547e+00
7.268536567687988281e+00
6.566267967224121094e+00
6.878466129302978516e+00
6.117559909820556641e+00
8.058901786804199219e+00
8.978736877441406250e+00
6.378768920898437500e+00
6.381590366363525391e+00
6.474417686462402344e+00
6.208049774169921875e+00
5.967783451080322266e+00
7.056799411773681641e+00
7.010578155517578125e+00
6.744684219360351562e+00
8.457509994506835938e+00
6.535288810729980469e+00
8.116309165954589844e+00
9.541064262390136719e+00
7.905222892761230469e+00
7.086477756500244141e+00
8.444890975952148438e+00
8.414625167846679688e+00
7.027806282043457031e+00
8.680694580078125000e+00
1.045457839965820312e+01
9.505587577819824219e+00
1.047868537902832031e+01
8.977762222290039062e+00
9.998640060424804688e+00
9.115707397460937500e+00
9.536444664001464844e+00
8.481721878051757812e+00
7.723296165466308594e+00
7.634407043457031250e+00
8.852396011352539062e+00
9.370824813842773438e+00
8.544749259948730469e+00
1.067399597167968750e+01
5.027002334594726562e+00
8.632000923156738281e+00
7.688870429992675781e+00
6.928884029388427734e+00
6.809834480285644531e+00
7.542637825012207031e+00
7.762800216674804688e+00
9.277250289916992188e+00
7.083231925964355469e+00
5.476691722869873047e+00
7.425354957580566406e+00
7.205972194671630859e+00
6.446583747863769531e+00
6.194061279296875000e+00
9.077646255493164062e+00
7.383894920349121094e+00
7.106492996215820312e+00
6.968587875366210938e+00
6.296910285949707031e+00
8.915007591247558594e+00
6.137927055358886719e+00
5.793981075286865234e+00
6.817107677459716797e+00
8.047471046447753906e+00
7.906253337860107422e+00
8.641119956970214844e+00
5.928116798400878906e+00
6.511277198791503906e+00
6.188164234161376953e+00
6.684586524963378906e+00
7.476145744323730469e+00
6.216672897338867188e+00
7.305817604064941406e+00
7.520102977752685547e+00
7.809297084808349609e+00
7.424071788787841797e+00
6.267569541931152344e+00
4.227052688598632812e+00
8.181848526000976562e+00
7.372267246246337891e+00
6.136240959167480469e+00
7.713401317596435547e+00
6.484795093536376953e+00
7.322712421417236328e+00
5.776930809020996094e+00
6.020479202270507812e+00
6.258468627929687500e+00
7.059541702270507812e+00
6.624176979064941406e+00
8.433048248291015625e+00
6.729594707489013672e+00
8.904379844665527344e+00
6.079586505889892578e+00
6.189610004425048828e+00
9.540997505187988281e+00
6.455768108367919922e+00
6.025530815124511719e+00
6.965752601623535156e+00
8.104237556457519531e+00
7.496694564819335938e+00
7.513908386230468750e+00
8.124964714050292969e+00
7.865027427673339844e+00
6.041075229644775391e+00
6.672726631164550781e+00
6.610614299774169922e+00
9.771474838256835938e+00
6.322752475738525391e+00
6.182198524475097656e+00
7.067762374877929688e+00
6.844331264495849609e+00
4.725583076477050781e+00
9.955541610717773438e+00
7.619729518890380859e+00
6.165705204010009766e+00
7.201374053955078125e+00
8.106115341186523438e+00
9.842212677001953125e+00
3.596723556518554688e+00
6.668544769287109375e+00
7.127095222473144531e+00
9.729751586914062500e+00
8.357964515686035156e+00
7.441479206085205078e+00
6.172117710113525391e+00
6.557840347290039062e+00
8.652569770812988281e+00
3.573997497558593750e+00
3.377169609069824219e+00
5.934807777404785156e+00
6.868999958038330078e+00
8.247959136962890625e+00
7.576098442077636719e+00
8.574181556701660156e+00
6.420653820037841797e+00
7.290007591247558594e+00
9.325703620910644531e+00
6.473314762115478516e+00
9.410008430480957031e+00
6.524438858032226562e+00
6.221873283386230469e+00
7.681720733642578125e+00
7.078821182250976562e+00
7.193226337432861328e+00
7.152880668640136719e+00
3.634033203125000000e+00
8.947758674621582031e+00
8.226753234863281250e+00
6.310676097869873047e+00
6.816604137420654297e+00
6.676967144012451172e+00
5.558123111724853516e+00
7.688938617706298828e+00
9.982280731201171875e+00
6.650010585784912109e+00
4.942539691925048828e+00
3.304415464401245117e+00
5.066190242767333984e+00
8.586421012878417969e+00
6.851144313812255859e+00
6.993687629699707031e+00
6.468660354614257812e+00
5.423147678375244141e+00
6.857142925262451172e+00
5.040471076965332031e+00
3.508501529693603516e+00
6.960849761962890625e+00
6.268374443054199219e+00
7.344545841217041016e+00
6.930206775665283203e+00
9.708652496337890625e+00
6.108929634094238281e+00
7.400181293487548828e+00
5.459570884704589844e+00
1.017723083496093750e+01
8.031869888305664062e+00
7.220796585083007812e+00
6.067558765411376953e+00
5.467188835144042969e+00
6.783592224121093750e+00
5.867568492889404297e+00
6.610838413238525391e+00
9.218409538269042969e+00
4.886382579803466797e+00
3.178932189941406250e+00
8.226662635803222656e+00
5.279988288879394531e+00
7.119560241699218750e+00
4.227019786834716797e+00
6.348536968231201172e+00
7.534053802490234375e+00
6.477023601531982422e+00
6.457259178161621094e+00
8.423820495605468750e+00
6.529749870300292969e+00
7.932320117950439453e+00
6.482139110565185547e+00
7.360497474670410156e+00
5.947361946105957031e+00
5.438247680664062500e+00
7.238485813140869141e+00
7.833075046539306641e+00
1.003182411193847656e+01
9.653226852416992188e+00
6.315031051635742188e+00
3.817282915115356445e+00
9.163109779357910156e+00
4.250131607055664062e+00
6.370003700256347656e+00
6.265457153320312500e+00
8.354140281677246094e+00
7.130966186523437500e+00
7.244956970214843750e+00
7.105523586273193359e+00
5.779401779174804688e+00
8.234889984130859375e+00
7.362224102020263672e+00
6.592078685760498047e+00
7.187953472137451172e+00
3.593532562255859375e+00
1.046574783325195312e+01
6.978439331054687500e+00
8.068683624267578125e+00
6.401260375976562500e+00
5.504405021667480469e+00
5.663489341735839844e+00
4.895341396331787109e+00
8.554034233093261719e+00
8.004319190979003906e+00
6.515039443969726562e+00
6.574324607849121094e+00
7.688186645507812500e+00
4.954863071441650391e+00
8.194812774658203125e+00
6.985300064086914062e+00
5.501189708709716797e+00
5.694773674011230469e+00
7.274029254913330078e+00
7.902540683746337891e+00
8.379656791687011719e+00
6.215551376342773438e+00
8.119348526000976562e+00
1.076418399810791016e+01
7.767195224761962891e+00
5.321544647216796875e+00
8.380755424499511719e+00
7.834374904632568359e+00
6.660117149353027344e+00
6.891610622406005859e+00
7.430087566375732422e+00
6.642207145690917969e+00
7.814133167266845703e+00
3.460000753402709961e+00
5.973944664001464844e+00
7.062152862548828125e+00
8.067996978759765625e+00
5.902743339538574219e+00
8.128875732421875000e+00
6.660210132598876953e+00
6.002319335937500000e+00
7.302991390228271484e+00
6.154365062713623047e+00
5.434000492095947266e+00
5.501317977905273438e+00
6.703604698181152344e+00
7.196680068969726562e+00
9.683147430419921875e+00
7.325959205627441406e+00
6.483699321746826172e+00
7.013844013214111328e+00
7.361728668212890625e+00
6.843265056610107422e+00
7.890474796295166016e+00
7.872146606445312500e+00
6.240803241729736328e+00
7.949994564056396484e+00
7.092725753784179688e+00
8.023823738098144531e+00
6.047924041748046875e+00
6.160468578338623047e+00
5.511355400085449219e+00
8.042498588562011719e+00
5.520869255065917969e+00
5.844371795654296875e+00
8.320204734802246094e+00
6.000795841217041016e+00
7.023840427398681641e+00
8.351676940917968750e+00
8.323742866516113281e+00
9.234216690063476562e+00
7.473711967468261719e+00
6.475589752197265625e+00
6.196519374847412109e+00
8.054295539855957031e+00
6.006465435028076172e+00
7.329312801361083984e+00
7.904411792755126953e+00
6.890588760375976562e+00
5.617308616638183594e+00
8.835474967956542969e+00
6.613584995269775391e+00
6.329610824584960938e+00
4.821357727050781250e+00
6.548766613006591797e+00
6.098315238952636719e+00
8.502930641174316406e+00
5.747428894042968750e+00
7.760711669921875000e+00
6.344612598419189453e+00
7.608438968658447266e+00
7.195316791534423828e+00
5.827470779418945312e+00
6.227726459503173828e+00
7.520072460174560547e+00
3.412577867507934570e+00
8.529529571533203125e+00
6.553746223449707031e+00
8.677128791809082031e+00
9.179872512817382812e+00
7.422112464904785156e+00
6.503665924072265625e+00
6.122040748596191406e+00
1.028074359893798828e+01
9.210583686828613281e+00
6.480406761169433594e+00
6.704986572265625000e+00
6.429747104644775391e+00
3.408900976181030273e+00
7.690987110137939453e+00
6.574297428131103516e+00
8.229337692260742188e+00
7.435898303985595703e+00
7.285364151000976562e+00
6.535816192626953125e+00
8.562264442443847656e+00
6.908515930175781250e+00
6.422658443450927734e+00
5.882732391357421875e+00
5.582632064819335938e+00
9.261658668518066406e+00
5.312923908233642578e+00
7.369268417358398438e+00
6.734499931335449219e+00
7.010319709777832031e+00
7.902482509613037109e+00
9.922350883483886719e+00
6.539601325988769531e+00
8.368255615234375000e+00
6.052134513854980469e+00
7.036592960357666016e+00
6.541897773742675781e+00
5.852543830871582031e+00
7.971771240234375000e+00
7.239230632781982422e+00
9.811626434326171875e+00
5.938095092773437500e+00
9.061159133911132812e+00
7.386124610900878906e+00
9.035034179687500000e+00
6.499200820922851562e+00
1.167028999328613281e+01
7.978707313537597656e+00
8.135257720947265625e+00
6.250637054443359375e+00
9.280365943908691406e+00
1.034888648986816406e+01
5.575695037841796875e+00
6.922957420349121094e+00
5.126425743103027344e+00
9.863905906677246094e+00
4.553299427032470703e+00
7.995814800262451172e+00
8.874252319335937500e+00
7.052978992462158203e+00
7.564283370971679688e+00
6.632313728332519531e+00
1.013873481750488281e+01
7.746467590332031250e+00
9.593799591064453125e+00
8.438149452209472656e+00
6.784580707550048828e+00
7.344554901123046875e+00
6.349050998687744141e+00
1.092974376678466797e+01
7.153832435607910156e+00
6.230453968048095703e+00
5.535477161407470703e+00
5.022342205047607422e+00
8.870652198791503906e+00
6.320229530334472656e+00
6.729323387145996094e+00
8.004872322082519531e+00
5.137482643127441406e+00
6.164238929748535156e+00
7.116154193878173828e+00
6.949354648590087891e+00
8.776561737060546875e+00
5.806190013885498047e+00
3.481995820999145508e+00
6.355712890625000000e+00
6.451924324035644531e+00
6.550443172454833984e+00
6.799007892608642578e+00
8.038213729858398438e+00
6.602728366851806641e+00
7.698798656463623047e+00
4.843819141387939453e+00
6.498014450073242188e+00
7.098351478576660156e+00
6.247910499572753906e+00
7.325996398925781250e+00
7.864357948303222656e+00
7.246027469635009766e+00
6.972711563110351562e+00
7.168229103088378906e+00
6.877041816711425781e+00
6.852784633636474609e+00
7.420100688934326172e+00
6.710913181304931641e+00
6.506004810333251953e+00
7.470515727996826172e+00
6.608192443847656250e+00
6.720958709716796875e+00
6.493827342987060547e+00
6.973976612091064453e+00
6.580506324768066406e+00
7.520669460296630859e+00
6.670669078826904297e+00
7.420063018798828125e+00
8.296629905700683594e+00
6.961387634277343750e+00
6.899797439575195312e+00
6.487378120422363281e+00
6.901557922363281250e+00
8.320899009704589844e+00
7.322408676147460938e+00
6.921183586120605469e+00
6.801132678985595703e+00
6.692467689514160156e+00
8.487171173095703125e+00
6.804621696472167969e+00
3.428078889846801758e+00
6.281822204589843750e+00
6.691482067108154297e+00
5.998362064361572266e+00
6.443734645843505859e+00
6.482433319091796875e+00
6.581030845642089844e+00
6.821208477020263672e+00
6.758920669555664062e+00
6.484089374542236328e+00
5.877119541168212891e+00
6.545567989349365234e+00
6.806645870208740234e+00
5.963853836059570312e+00
6.124272346496582031e+00
5.883404731750488281e+00
6.991623878479003906e+00
6.672183990478515625e+00
6.379913330078125000e+00
7.187067031860351562e+00
6.372262001037597656e+00
6.804730415344238281e+00
7.400930881500244141e+00
6.465431690216064453e+00
7.407637596130371094e+00
7.042892456054687500e+00
5.307775497436523438e+00
7.335914134979248047e+00
6.198765754699707031e+00
7.306186676025390625e+00
7.426169872283935547e+00
7.855756759643554688e+00
3.427535533905029297e+00
6.934073925018310547e+00
3.392460584640502930e+00
6.995287895202636719e+00
7.416034698486328125e+00
6.830906867980957031e+00
6.080537319183349609e+00
7.086452484130859375e+00
7.338230609893798828e+00
6.393503189086914062e+00
6.190463066101074219e+00
5.752698421478271484e+00
6.308623313903808594e+00
6.070852279663085938e+00
7.069980621337890625e+00
6.259370326995849609e+00
5.301287174224853516e+00
7.388087272644042969e+00
6.987617969512939453e+00
7.196962833404541016e+00
7.433014869689941406e+00
7.206269741058349609e+00
7.271924018859863281e+00
6.525016784667968750e+00
7.541936874389648438e+00
7.694629669189453125e+00
6.870151519775390625e+00
6.360964298248291016e+00
7.428176879882812500e+00
7.098440170288085938e+00
7.462847709655761719e+00
3.363181352615356445e+00
6.854715824127197266e+00
3.366421937942504883e+00
6.781707286834716797e+00
7.232024192810058594e+00
7.391267776489257812e+00
7.330037117004394531e+00
7.721750259399414062e+00
6.667408943176269531e+00
7.320564746856689453e+00
7.721362590789794922e+00
9.220025062561035156e+00
6.163301467895507812e+00
5.668196201324462891e+00
8.739733695983886719e+00
8.017032623291015625e+00
1.013733768463134766e+01
2.933506011962890625e+00
7.968134403228759766e+00
5.396687984466552734e+00
7.190299034118652344e+00
8.622430801391601562e+00
8.542485237121582031e+00
6.629838466644287109e+00
6.872140407562255859e+00
3.260129690170288086e+00
7.309380531311035156e+00
1.079610729217529297e+01
7.585598945617675781e+00
6.627040386199951172e+00
6.608478546142578125e+00
7.947372913360595703e+00
6.819072246551513672e+00
6.685271263122558594e+00
8.402230262756347656e+00
7.167486190795898438e+00
5.621860980987548828e+00
6.198694229125976562e+00
7.311468124389648438e+00
5.478711128234863281e+00
5.866209983825683594e+00
9.152999877929687500e+00
1.015259075164794922e+01
9.886875152587890625e+00
5.948363304138183594e+00
3.327018022537231445e+00
7.368905544281005859e+00
5.246104240417480469e+00
7.382215023040771484e+00
9.612323760986328125e+00
7.243667125701904297e+00
8.785205841064453125e+00
6.665827751159667969e+00
6.313642024993896484e+00
7.900385856628417969e+00
7.742144584655761719e+00
7.386229515075683594e+00
7.997504234313964844e+00
8.813645362854003906e+00
7.724128723144531250e+00
9.177554130554199219e+00
6.530449390411376953e+00
6.618762016296386719e+00
7.137050628662109375e+00
6.578030586242675781e+00
6.202091217041015625e+00
7.451857089996337891e+00
8.132308959960937500e+00
6.856202125549316406e+00
6.935470104217529297e+00
7.365570068359375000e+00
1.009659099578857422e+01
6.303421020507812500e+00
9.234222412109375000e+00
8.207890510559082031e+00
6.207234859466552734e+00
7.159497737884521484e+00
7.078171730041503906e+00
1.030118846893310547e+01
6.259059429168701172e+00
7.584239959716796875e+00
6.990066051483154297e+00
9.131240844726562500e+00
6.683093547821044922e+00
8.005147933959960938e+00
6.618164062500000000e+00
7.593307971954345703e+00
6.510220527648925781e+00
6.579440593719482422e+00
7.812909126281738281e+00
7.389350891113281250e+00
8.584395408630371094e+00
9.475273132324218750e+00
7.370527267456054688e+00
7.417383670806884766e+00
1.002823543548583984e+01
5.991585254669189453e+00
7.209419250488281250e+00
3.335748672485351562e+00
7.555864334106445312e+00
8.550158500671386719e+00
8.168886184692382812e+00
5.849412918090820312e+00
5.784071922302246094e+00
6.202787399291992188e+00
9.223272323608398438e+00
9.303376197814941406e+00
6.087070465087890625e+00
6.481150627136230469e+00
9.263059616088867188e+00
6.014447689056396484e+00
7.663163185119628906e+00
9.420528411865234375e+00
5.576307773590087891e+00
7.997771739959716797e+00
7.492824077606201172e+00
7.021968841552734375e+00
7.195017337799072266e+00
8.405332565307617188e+00
7.671627044677734375e+00
6.650199413299560547e+00
7.354456424713134766e+00
3.378849983215332031e+00
8.455749511718750000e+00
7.473925113677978516e+00
7.745649814605712891e+00
9.857769012451171875e+00
7.162957668304443359e+00
6.811899185180664062e+00
7.651931762695312500e+00
1.029502010345458984e+01
7.674946308135986328e+00
1.038854122161865234e+01
8.339986801147460938e+00
8.441291809082031250e+00
6.447383880615234375e+00
5.835137367248535156e+00
8.865702629089355469e+00
1.043898010253906250e+01
9.407027244567871094e+00
7.590810298919677734e+00
7.789003372192382812e+00
7.069655418395996094e+00
7.724146842956542969e+00
6.404113769531250000e+00
8.674170494079589844e+00
8.112194061279296875e+00
5.984752178192138672e+00
9.564661026000976562e+00
6.254702091217041016e+00
1.024253845214843750e+01
1.003064918518066406e+01
4.960682868957519531e+00
3.484095096588134766e+00
5.850439071655273438e+00
6.909850120544433594e+00
6.548761367797851562e+00
7.094527721405029297e+00
8.314865112304687500e+00
7.780771255493164062e+00
1.099663543701171875e+01
6.602171897888183594e+00
5.594694137573242188e+00
7.870574951171875000e+00
7.526035308837890625e+00
4.838068962097167969e+00
6.955478668212890625e+00
6.480913639068603516e+00
9.311831474304199219e+00
8.693159103393554688e+00
9.831278800964355469e+00
8.565805435180664062e+00
6.584793090820312500e+00
1.037744712829589844e+01
8.675455093383789062e+00
1.036836051940917969e+01
9.590336799621582031e+00
8.969561576843261719e+00
7.691031455993652344e+00
7.382071495056152344e+00
8.058524131774902344e+00
7.400038242340087891e+00
8.730579376220703125e+00
6.529726982116699219e+00
8.322364807128906250e+00
8.352072715759277344e+00
8.957219123840332031e+00
4.765135288238525391e+00
8.157790184020996094e+00
6.837779045104980469e+00
4.246191501617431641e+00
7.124581813812255859e+00
4.942912101745605469e+00
6.694122791290283203e+00
5.427963256835937500e+00
6.739910125732421875e+00
8.270273208618164062e+00
9.268805503845214844e+00
6.470573425292968750e+00
5.584572792053222656e+00
6.641595840454101562e+00
5.039244174957275391e+00
5.517252445220947266e+00
5.428874492645263672e+00
5.277111530303955078e+00
5.769156932830810547e+00
6.964443683624267578e+00
6.585781574249267578e+00
4.685070991516113281e+00
1.019319915771484375e+01
8.567617416381835938e+00
8.663777351379394531e+00
6.910711765289306641e+00
8.159173011779785156e+00
5.070817470550537109e+00
8.949732780456542969e+00
4.527751922607421875e+00
5.417493820190429688e+00
8.255603790283203125e+00
6.955684661865234375e+00
8.626234054565429688e+00
7.937394142150878906e+00
1.035201549530029297e+01
8.429510116577148438e+00
8.059946060180664062e+00
9.024619102478027344e+00
8.400351524353027344e+00
8.295637130737304688e+00
8.090902328491210938e+00
8.511384010314941406e+00
6.287828922271728516e+00
5.159220218658447266e+00
6.456497669219970703e+00
8.284336090087890625e+00
8.431026458740234375e+00
7.031460762023925781e+00
3.412928581237792969e+00
6.843258380889892578e+00
6.453088283538818359e+00
5.545672416687011719e+00
6.713167190551757812e+00
5.089539051055908203e+00
6.428516387939453125e+00
6.411833763122558594e+00
5.751693248748779297e+00
6.344920635223388672e+00
7.210629463195800781e+00
7.532210826873779297e+00
6.910633563995361328e+00
8.275705337524414062e+00
6.510879039764404297e+00
7.151421546936035156e+00
9.971546173095703125e+00
8.778877258300781250e+00
7.623385429382324219e+00
6.696664810180664062e+00
7.948977470397949219e+00
6.938778400421142578e+00
7.318717956542968750e+00
5.586823463439941406e+00
7.203656673431396484e+00
7.018326759338378906e+00
5.740087032318115234e+00
6.004445552825927734e+00
1.033728504180908203e+01
7.910946846008300781e+00
2.724994182586669922e+00
6.288174629211425781e+00
6.751523971557617188e+00
8.941953659057617188e+00
6.103332996368408203e+00
6.825843811035156250e+00
8.304798126220703125e+00
7.570535659790039062e+00
8.217056274414062500e+00
7.703076839447021484e+00
6.451318740844726562e+00
5.789260387420654297e+00
5.910078525543212891e+00
6.804677963256835938e+00
8.561337471008300781e+00
6.381992816925048828e+00
5.128295421600341797e+00
5.641873359680175781e+00
8.019318580627441406e+00
4.921066761016845703e+00
6.863853454589843750e+00
7.236495018005371094e+00
9.750100135803222656e+00
7.428631305694580078e+00
8.332073211669921875e+00
6.894315719604492188e+00
7.455456256866455078e+00
6.762767314910888672e+00
8.828605651855468750e+00
5.694857597351074219e+00
7.683027744293212891e+00
6.081803321838378906e+00
6.130697250366210938e+00
9.437035560607910156e+00
7.289971828460693359e+00
8.847311973571777344e+00
7.223358154296875000e+00
9.206351280212402344e+00
6.769388675689697266e+00
9.157821655273437500e+00
6.931164741516113281e+00
6.653395652770996094e+00
7.620932579040527344e+00
6.859723567962646484e+00
3.474739789962768555e+00
9.716516494750976562e+00
5.190778255462646484e+00
4.573111534118652344e+00
5.914133548736572266e+00
7.011045932769775391e+00
6.733638763427734375e+00
5.994144916534423828e+00
6.371862411499023438e+00
6.568548202514648438e+00
9.490056037902832031e+00
6.705373287200927734e+00
6.309272289276123047e+00
6.438959598541259766e+00
5.123847007751464844e+00
8.153000831604003906e+00
5.539274215698242188e+00
3.590615987777709961e+00
6.207907199859619141e+00
5.856528759002685547e+00
5.869812965393066406e+00
6.954763412475585938e+00
8.144814491271972656e+00
3.339155673980712891e+00
6.489606857299804688e+00
6.740081787109375000e+00
8.475075721740722656e+00
7.795714378356933594e+00
3.383997201919555664e+00
6.975890159606933594e+00
8.199542999267578125e+00
6.211054801940917969e+00
7.126143455505371094e+00
7.223665714263916016e+00
5.502611160278320312e+00
9.713363647460937500e+00
6.317390441894531250e+00
8.026820182800292969e+00
7.167439937591552734e+00
6.034943580627441406e+00
7.971728801727294922e+00
5.473874092102050781e+00
7.663762092590332031e+00
5.711375713348388672e+00
6.241850376129150391e+00
5.249794483184814453e+00
6.465059280395507812e+00
6.017870426177978516e+00
3.417759418487548828e+00
5.038432598114013672e+00
7.308632373809814453e+00
6.305044174194335938e+00
5.378502845764160156e+00
4.649036884307861328e+00
4.600032329559326172e+00
7.885032653808593750e+00
7.955970764160156250e+00
8.632637023925781250e+00
8.647649765014648438e+00
4.619029521942138672e+00
6.440934658050537109e+00
7.823828220367431641e+00
7.846182346343994141e+00
4.175928592681884766e+00
6.330181598663330078e+00
6.074041366577148438e+00
7.425226211547851562e+00
5.228229522705078125e+00
4.848390102386474609e+00
5.538608551025390625e+00
8.037978172302246094e+00
7.271804332733154297e+00
8.115176200866699219e+00
7.484524250030517578e+00
9.397611618041992188e+00
6.925317764282226562e+00
9.696451187133789062e+00
9.752151489257812500e+00
7.877339363098144531e+00
6.191041469573974609e+00
3.436230421066284180e+00
6.038790225982666016e+00
6.727038383483886719e+00
7.671050071716308594e+00
6.975007057189941406e+00
6.296981334686279297e+00
6.978419303894042969e+00
5.063898086547851562e+00
6.083745479583740234e+00
5.266470909118652344e+00
6.390350341796875000e+00
6.422801017761230469e+00
9.135101318359375000e+00
8.380620002746582031e+00
9.216478347778320312e+00
6.470349788665771484e+00
4.411711692810058594e+00
5.658047199249267578e+00
7.959166049957275391e+00
6.947024345397949219e+00
5.589468002319335938e+00
4.210700035095214844e+00
6.553927421569824219e+00
4.542044639587402344e+00
5.869270801544189453e+00
7.862222671508789062e+00
6.405450344085693359e+00
4.664653778076171875e+00
3.624625921249389648e+00
5.667520523071289062e+00
4.988842010498046875e+00
3.664239883422851562e+00
5.794398307800292969e+00
8.162433624267578125e+00
3.773204088211059570e+00
5.827850818634033203e+00
6.006831645965576172e+00
4.189597129821777344e+00
3.357057094573974609e+00
6.031458854675292969e+00
3.615352153778076172e+00
6.538549900054931641e+00
5.311885833740234375e+00
5.021151542663574219e+00
4.640351295471191406e+00
3.937833786010742188e+00
3.825796604156494141e+00
5.856649398803710938e+00
3.581230878829956055e+00
3.558543443679809570e+00
3.653636693954467773e+00
9.178885459899902344e+00
3.774197101593017578e+00
4.997638702392578125e+00
5.014370918273925781e+00
5.306214332580566406e+00
3.785528421401977539e+00
5.504079341888427734e+00
6.643441200256347656e+00
7.581636428833007812e+00
3.711915254592895508e+00
3.461120605468750000e+00
4.066988468170166016e+00
4.670593261718750000e+00
6.005531787872314453e+00
3.791697263717651367e+00
5.799169540405273438e+00
3.796077251434326172e+00
4.406164646148681641e+00
4.170905590057373047e+00
3.428561925888061523e+00
3.674444198608398438e+00
3.906215667724609375e+00
4.883635520935058594e+00
3.757823228836059570e+00
6.340717315673828125e+00
3.689441204071044922e+00
3.871168375015258789e+00
