5.332321166992187500e+00
0.000000000000000000e+00
5.192339897155761719e+00
5.486598491668701172e+00
5.118933200836181641e+00
5.358058452606201172e+00
5.272144317626953125e+00
5.416269302368164062e+00
5.773456096649169922e+00
6.047906875610351562e+00
4.807450294494628906e+00
5.906085014343261719e+00
6.037039756774902344e+00
5.770299434661865234e+00
6.040474414825439453e+00
4.887638568878173828e+00
5.430306434631347656e+00
6.122346401214599609e+00
5.184220790863037109e+00
5.362595081329345703e+00
5.396742820739746094e+00
5.486097335815429688e+00
6.119466781616210938e+00
5.876173973083496094e+00
5.596593379974365234e+00
5.419275283813476562e+00
5.173530101776123047e+00
5.651129722595214844e+00
5.456970691680908203e+00
5.497173309326171875e+00
5.203761100769042969e+00
5.414148330688476562e+00
5.602406501770019531e+00
5.955683231353759766e+00
5.708278656005859375e+00
4.827265739440917969e+00
5.548955917358398438e+00
5.185611724853515625e+00
5.670672416687011719e+00
5.664527416229248047e+00
5.621289730072021484e+00
5.677752971649169922e+00
5.441066741943359375e+00
5.385845661163330078e+00
5.708251953125000000e+00
6.051442146301269531e+00
5.494115829467773438e+00
4.985194683074951172e+00
4.894694805145263672e+00
5.591729164123535156e+00
4.966299533843994141e+00
4.987170696258544922e+00
4.988867282867431641e+00
5.103319168090820312e+00
4.758867263793945312e+00
4.778996944427490234e+00
5.095484256744384766e+00
4.807703971862792969e+00
4.777272701263427734e+00
5.278913021087646484e+00
5.024903297424316406e+00
5.287292480468750000e+00
5.469419002532958984e+00
4.927793502807617188e+00
5.019622802734375000e+00
4.941600799560546875e+00
4.942384243011474609e+00
4.662101268768310547e+00
5.554451465606689453e+00
5.713879585266113281e+00
5.981527328491210938e+00
5.955442428588867188e+00
5.968917846679687500e+00
5.338016510009765625e+00
5.619781494140625000e+00
5.339249134063720703e+00
5.545332431793212891e+00
5.476099014282226562e+00
6.132526397705078125e+00
5.933043956756591797e+00
5.969264984130859375e+00
5.535230159759521484e+00
5.230213642120361328e+00
5.827820777893066406e+00
5.900377273559570312e+00
5.830137729644775391e+00
6.003174304962158203e+00
5.408723831176757812e+00
5.635816574096679688e+00
5.837116718292236328e+00
5.738720893859863281e+00
5.975559234619140625e+00
5.864243984222412109e+00
5.149583816528320312e+00
5.566679000854492188e+00
5.823364257812500000e+00
5.278126716613769531e+00
5.555111408233642578e+00
5.861324310302734375e+00
0.000000000000000000e+00
5.606577396392822266e+00
5.499701499938964844e+00
5.894810199737548828e+00
5.956234455108642578e+00
5.890769004821777344e+00
5.284112930297851562e+00
5.433138847351074219e+00
5.172236919403076172e+00
5.669606685638427734e+00
5.953279018402099609e+00
5.838461399078369141e+00
5.409869670867919922e+00
5.782609939575195312e+00
5.702003479003906250e+00
5.797700405120849609e+00
5.350837707519531250e+00
5.371619701385498047e+00
0.000000000000000000e+00
0.000000000000000000e+00
5.127109050750732422e+00
5.547266960144042969e+00
4.943153381347656250e+00
5.210275650024414062e+00
5.814585208892822266e+00
5.168636322021484375e+00
5.443319320678710938e+00
5.436038494110107422e+00
5.177587509155273438e+00
0.000000000000000000e+00
5.310059070587158203e+00
5.952687740325927734e+00
5.767829895019531250e+00
5.914666175842285156e+00
5.844233989715576172e+00
5.278002738952636719e+00
5.782301425933837891e+00
5.410307884216308594e+00
5.513887882232666016e+00
0.000000000000000000e+00
0.000000000000000000e+00
5.272478580474853516e+00
5.360332489013671875e+00
5.415124893188476562e+00
5.600969314575195312e+00
6.303114891052246094e+00
4.827631473541259766e+00
5.804544448852539062e+00
5.273629665374755859e+00
5.473444938659667969e+00
4.778259277343750000e+00
5.318709373474121094e+00
5.756410598754882812e+00
5.781158447265625000e+00
0.000000000000000000e+00
4.906527042388916016e+00
5.964517593383789062e+00
5.772162437438964844e+00
5.929145812988281250e+00
5.501997947692871094e+00
5.548495769500732422e+00
5.274779319763183594e+00
0.000000000000000000e+00
0.000000000000000000e+00
5.206069946289062500e+00
5.189018249511718750e+00
5.926388740539550781e+00
5.108276844024658203e+00
5.496302127838134766e+00
5.905149459838867188e+00
6.082407951354980469e+00
5.842642784118652344e+00
5.190763950347900391e+00
5.804206848144531250e+00
5.965759754180908203e+00
4.906940937042236328e+00
5.640422344207763672e+00
5.382287025451660156e+00
6.023480415344238281e+00
6.095566749572753906e+00
5.682017326354980469e+00
5.904913902282714844e+00
5.150622367858886719e+00
5.417047977447509766e+00
5.499424457550048828e+00
5.894160270690917969e+00
5.766781330108642578e+00
5.044848918914794922e+00
5.582343101501464844e+00
5.278355598449707031e+00
5.351940155029296875e+00
5.337521553039550781e+00
5.198303222656250000e+00
5.925486087799072266e+00
5.810786724090576172e+00
5.399839878082275391e+00
5.175803184509277344e+00
5.229570388793945312e+00
5.729675292968750000e+00
4.791894435882568359e+00
6.232379913330078125e+00
5.582563877105712891e+00
5.101913452148437500e+00
4.762238025665283203e+00
5.753658771514892578e+00
5.320352554321289062e+00
5.411348342895507812e+00
5.738736629486083984e+00
5.886855125427246094e+00
0.000000000000000000e+00
5.326034069061279297e+00
5.049134254455566406e+00
6.041208267211914062e+00
5.610872745513916016e+00
5.167193889617919922e+00
5.594649791717529297e+00
5.846812248229980469e+00
5.836718082427978516e+00
5.708899021148681641e+00
5.817807674407958984e+00
6.192805767059326172e+00
5.870815277099609375e+00
5.396361351013183594e+00
5.643953323364257812e+00
5.507140636444091797e+00
5.347389698028564453e+00
5.012514114379882812e+00
5.447216510772705078e+00
5.735983371734619141e+00
5.238012313842773438e+00
4.762984275817871094e+00
4.783699035644531250e+00
4.640695571899414062e+00
4.696284294128417969e+00
5.579073905944824219e+00
4.889908313751220703e+00
5.935471057891845703e+00
5.861973285675048828e+00
5.900848388671875000e+00
5.272085189819335938e+00
5.766811370849609375e+00
5.750010013580322266e+00
5.840003967285156250e+00
5.845531940460205078e+00
5.258137702941894531e+00
5.854747772216796875e+00
6.195097923278808594e+00
5.878211975097656250e+00
6.066926002502441406e+00
5.189446449279785156e+00
5.858027458190917969e+00
5.365996360778808594e+00
5.305253028869628906e+00
5.839777946472167969e+00
6.550481319427490234e+00
5.926321506500244141e+00
5.529200553894042969e+00
5.319027423858642578e+00
5.523637294769287109e+00
5.554351329803466797e+00
4.946002006530761719e+00
5.503379821777343750e+00
5.215511798858642578e+00
5.775139808654785156e+00
4.911581516265869141e+00
6.104854106903076172e+00
6.048520565032958984e+00
5.737957000732421875e+00
5.817327022552490234e+00
6.122475624084472656e+00
5.198008537292480469e+00
4.833939552307128906e+00
5.219381332397460938e+00
5.968335628509521484e+00
5.204956531524658203e+00
5.916081905364990234e+00
5.344020843505859375e+00
6.209043502807617188e+00
5.460043907165527344e+00
5.664313316345214844e+00
4.857264041900634766e+00
5.493380069732666016e+00
5.536021232604980469e+00
5.613493919372558594e+00
5.639116287231445312e+00
5.739276885986328125e+00
5.464350223541259766e+00
5.648203849792480469e+00
5.600727081298828125e+00
5.331454753875732422e+00
5.499432563781738281e+00
5.460014820098876953e+00
5.817854881286621094e+00
5.977919578552246094e+00
5.899209499359130859e+00
4.550628185272216797e+00
5.241092205047607422e+00
5.732861042022705078e+00
5.507975578308105469e+00
5.358455657958984375e+00
5.418930530548095703e+00
5.721231460571289062e+00
5.388227462768554688e+00
5.644549846649169922e+00
6.067388057708740234e+00
5.428688526153564453e+00
5.301627159118652344e+00
6.232096672058105469e+00
5.082907676696777344e+00
5.767600059509277344e+00
5.272803306579589844e+00
5.711294651031494141e+00
6.036783218383789062e+00
4.680775165557861328e+00
5.876110076904296875e+00
4.947678565979003906e+00
5.277906894683837891e+00
5.305574417114257812e+00
5.373976707458496094e+00
5.881568908691406250e+00
5.724190235137939453e+00
5.676692962646484375e+00
5.375034809112548828e+00
5.251009941101074219e+00
5.492584228515625000e+00
5.545801639556884766e+00
5.734819412231445312e+00
6.025762081146240234e+00
5.135161399841308594e+00
0.000000000000000000e+00
5.647315979003906250e+00
5.981305122375488281e+00
5.783761501312255859e+00
6.045757293701171875e+00
5.991861820220947266e+00
5.689568996429443359e+00
5.414889812469482422e+00
5.669870376586914062e+00
5.712782859802246094e+00
5.501744747161865234e+00
6.271095275878906250e+00
5.527403831481933594e+00
5.488256454467773438e+00
5.226126670837402344e+00
5.093957424163818359e+00
5.417888164520263672e+00
5.531420707702636719e+00
5.330762386322021484e+00
5.403660774230957031e+00
5.136338233947753906e+00
5.749281883239746094e+00
4.647723197937011719e+00
4.752570152282714844e+00
5.606815814971923828e+00
5.602091312408447266e+00
5.416696548461914062e+00
5.714999675750732422e+00
5.305971145629882812e+00
5.209085941314697266e+00
4.895373344421386719e+00
5.483757019042968750e+00
5.112987041473388672e+00
5.695117473602294922e+00
5.126742839813232422e+00
5.563315391540527344e+00
5.820130825042724609e+00
5.765492439270019531e+00
5.753273010253906250e+00
4.842497825622558594e+00
5.861175537109375000e+00
5.608273029327392578e+00
5.191728591918945312e+00
5.671268939971923828e+00
5.833561897277832031e+00
4.933737754821777344e+00
6.292024135589599609e+00
4.994895458221435547e+00
5.590565204620361328e+00
5.580276012420654297e+00
5.886634826660156250e+00
5.259855747222900391e+00
5.124571800231933594e+00
5.599215030670166016e+00
5.177943229675292969e+00
5.765450477600097656e+00
5.184711933135986328e+00
5.620082855224609375e+00
5.442456245422363281e+00
5.811913490295410156e+00
5.359941005706787109e+00
4.962542057037353516e+00
5.620157241821289062e+00
5.576941490173339844e+00
5.551574230194091797e+00
4.699944496154785156e+00
5.871095180511474609e+00
5.739289760589599609e+00
5.468417644500732422e+00
5.184706211090087891e+00
6.033677577972412109e+00
5.264942169189453125e+00
5.350870132446289062e+00
5.367952823638916016e+00
5.352939605712890625e+00
6.136341571807861328e+00
4.800498962402343750e+00
5.605762481689453125e+00
5.476077079772949219e+00
5.714736938476562500e+00
6.093557357788085938e+00
5.559972763061523438e+00
5.798484325408935547e+00
5.053116798400878906e+00
5.486691474914550781e+00
6.206337451934814453e+00
5.407394409179687500e+00
5.471831798553466797e+00
4.900215148925781250e+00
5.745692729949951172e+00
5.708828449249267578e+00
5.765525341033935547e+00
5.640429019927978516e+00
5.750057220458984375e+00
5.951211929321289062e+00
5.396099567413330078e+00
5.327209472656250000e+00
5.484611988067626953e+00
5.481616020202636719e+00
5.589887619018554688e+00
5.313268184661865234e+00
5.713224411010742188e+00
5.151427745819091797e+00
5.371841907501220703e+00
5.977658271789550781e+00
5.874038696289062500e+00
5.984603881835937500e+00
5.895556449890136719e+00
6.064951896667480469e+00
5.415656089782714844e+00
5.974494934082031250e+00
5.610728263854980469e+00
5.485245704650878906e+00
5.849563598632812500e+00
5.728676795959472656e+00
5.547198772430419922e+00
5.608763694763183594e+00
5.501340389251708984e+00
5.692657470703125000e+00
5.618535518646240234e+00
5.479433536529541016e+00
5.411791801452636719e+00
5.842186927795410156e+00
5.904388904571533203e+00
5.578966617584228516e+00
5.850198268890380859e+00
5.477613449096679688e+00
5.924410820007324219e+00
5.461445808410644531e+00
5.316960334777832031e+00
5.766992568969726562e+00
5.920837402343750000e+00
5.848178863525390625e+00
5.489018440246582031e+00
5.279860496520996094e+00
5.345735073089599609e+00
5.665272235870361328e+00
5.810936927795410156e+00
5.825403690338134766e+00
5.279397487640380859e+00
5.616584777832031250e+00
5.670080661773681641e+00
5.499167919158935547e+00
5.382729053497314453e+00
5.573355674743652344e+00
5.549041271209716797e+00
5.592238426208496094e+00
5.515460491180419922e+00
5.481313705444335938e+00
5.403955936431884766e+00
5.387053012847900391e+00
5.175576686859130859e+00
5.510903835296630859e+00
5.580485343933105469e+00
5.266703605651855469e+00
5.334374904632568359e+00
5.419094562530517578e+00
5.397850990295410156e+00
5.375648498535156250e+00
5.456307888031005859e+00
5.331826210021972656e+00
5.437233448028564453e+00
5.285223960876464844e+00
5.368613243103027344e+00
5.365397930145263672e+00
5.362394809722900391e+00
5.342858314514160156e+00
5.081214427947998047e+00
5.153876781463623047e+00
5.257784843444824219e+00
5.127912521362304688e+00
5.095678806304931641e+00
5.266506671905517578e+00
5.323376655578613281e+00
5.263792991638183594e+00
5.486529827117919922e+00
5.264459609985351562e+00
5.253356456756591797e+00
5.231096267700195312e+00
5.080374717712402344e+00
5.248042583465576172e+00
5.264833450317382812e+00
5.602346420288085938e+00
5.582171440124511719e+00
5.501012325286865234e+00
5.696009635925292969e+00
5.565038204193115234e+00
5.540624141693115234e+00
5.312659263610839844e+00
6.007867813110351562e+00
5.239345550537109375e+00
5.128952503204345703e+00
5.301347732543945312e+00
5.069295883178710938e+00
5.320612907409667969e+00
5.220521926879882812e+00
5.477037906646728516e+00
5.251785278320312500e+00
5.130957603454589844e+00
5.540735721588134766e+00
4.938246250152587891e+00
5.101257324218750000e+00
5.051681041717529297e+00
5.155722618103027344e+00
5.182332992553710938e+00
5.166337966918945312e+00
5.352891921997070312e+00
5.342030048370361328e+00
5.173694610595703125e+00
5.066467761993408203e+00
4.949244022369384766e+00
5.058059692382812500e+00
5.247799873352050781e+00
5.352947235107421875e+00
5.840241909027099609e+00
4.905205726623535156e+00
5.935136795043945312e+00
5.805986404418945312e+00
5.184186458587646484e+00
5.515864849090576172e+00
5.215284347534179688e+00
5.671758174896240234e+00
5.565913200378417969e+00
6.038849830627441406e+00
5.503763198852539062e+00
5.263007640838623047e+00
5.287707805633544922e+00
5.728742122650146484e+00
5.303225994110107422e+00
5.550029277801513672e+00
5.265063762664794922e+00
4.851594924926757812e+00
5.550229072570800781e+00
0.000000000000000000e+00
5.535095214843750000e+00
5.521497726440429688e+00
5.965230464935302734e+00
6.085347175598144531e+00
4.928445816040039062e+00
5.412604331970214844e+00
5.619547367095947266e+00
5.937086105346679688e+00
5.213691711425781250e+00
6.066219329833984375e+00
5.762100696563720703e+00
4.741267204284667969e+00
5.086741447448730469e+00
4.770260810852050781e+00
5.875321865081787109e+00
5.054078102111816406e+00
5.345644474029541016e+00
0.000000000000000000e+00
5.209296703338623047e+00
4.680100917816162109e+00
5.762395381927490234e+00
4.991393089294433594e+00
5.656237602233886719e+00
5.453203201293945312e+00
5.107355117797851562e+00
5.254115104675292969e+00
5.404673099517822266e+00
6.157243251800537109e+00
5.982625484466552734e+00
5.727945804595947266e+00
5.836320877075195312e+00
5.958687305450439453e+00
4.965238571166992188e+00
5.798504829406738281e+00
5.651380062103271484e+00
5.292976379394531250e+00
0.000000000000000000e+00
4.822327613830566406e+00
5.805327892303466797e+00
6.164104461669921875e+00
5.440598964691162109e+00
4.847979068756103516e+00
5.995584487915039062e+00
5.331952095031738281e+00
5.767842769622802734e+00
5.854237556457519531e+00
6.081331729888916016e+00
5.745955944061279297e+00
5.116211414337158203e+00
5.559300422668457031e+00
5.272596836090087891e+00
5.404757976531982422e+00
4.980821609497070312e+00
5.816105365753173828e+00
5.067120552062988281e+00
5.658190727233886719e+00
5.222542762756347656e+00
5.631060600280761719e+00
5.088087558746337891e+00
5.987381458282470703e+00
5.484104156494140625e+00
5.563185691833496094e+00
5.130541324615478516e+00
5.694205760955810547e+00
5.938809871673583984e+00
5.804081916809082031e+00
6.181527137756347656e+00
5.642013549804687500e+00
5.223196983337402344e+00
5.921001911163330078e+00
5.177340507507324219e+00
5.167096614837646484e+00
5.686191558837890625e+00
5.604982852935791016e+00
5.803519248962402344e+00
5.263360023498535156e+00
5.819319725036621094e+00
5.563588619232177734e+00
5.840650081634521484e+00
5.725240707397460938e+00
5.724037647247314453e+00
6.305837154388427734e+00
5.076288700103759766e+00
5.571428298950195312e+00
5.930546760559082031e+00
6.005399703979492188e+00
5.996296882629394531e+00
6.044572353363037109e+00
5.012680530548095703e+00
5.622401237487792969e+00
5.605023384094238281e+00
5.282465934753417969e+00
5.211286544799804688e+00
5.301949501037597656e+00
6.120179176330566406e+00
5.089095115661621094e+00
5.137440204620361328e+00
4.964484214782714844e+00
5.487878322601318359e+00
5.712544918060302734e+00
4.881142139434814453e+00
5.298929214477539062e+00
5.035217285156250000e+00
5.443304538726806641e+00
5.642850399017333984e+00
5.936158180236816406e+00
5.863734245300292969e+00
5.498377323150634766e+00
5.390975952148437500e+00
5.020650863647460938e+00
5.861654758453369141e+00
5.483604907989501953e+00
5.747611522674560547e+00
5.322709083557128906e+00
5.630655765533447266e+00
5.082736015319824219e+00
5.832081794738769531e+00
5.444192886352539062e+00
5.241923332214355469e+00
5.468350410461425781e+00
5.064156532287597656e+00
4.957004070281982422e+00
5.909340381622314453e+00
5.713571548461914062e+00
5.793489456176757812e+00
5.725141525268554688e+00
5.849008083343505859e+00
5.249557495117187500e+00
4.965137481689453125e+00
5.430578231811523438e+00
4.998970985412597656e+00
5.757452011108398438e+00
5.559042930603027344e+00
4.774899482727050781e+00
5.670607566833496094e+00
5.924861431121826172e+00
5.346459388732910156e+00
6.057211875915527344e+00
4.732122421264648438e+00
4.894802570343017578e+00
5.126874923706054688e+00
5.551124095916748047e+00
5.764243602752685547e+00
5.257214069366455078e+00
5.028815746307373047e+00
4.769947528839111328e+00
4.744009494781494141e+00
5.057389736175537109e+00
5.549262046813964844e+00
5.337691307067871094e+00
4.998578548431396484e+00
5.679622173309326172e+00
5.777337551116943359e+00
5.932432174682617188e+00
5.383372783660888672e+00
5.542191982269287109e+00
4.623681545257568359e+00
5.519665718078613281e+00
5.540415287017822266e+00
5.524407863616943359e+00
6.080090999603271484e+00
0.000000000000000000e+00
5.722672939300537109e+00
5.254146575927734375e+00
5.863668918609619141e+00
6.093216419219970703e+00
4.879652500152587891e+00
5.177055835723876953e+00
5.729056358337402344e+00
5.949033260345458984e+00
5.479730129241943359e+00
5.967029094696044922e+00
5.811130523681640625e+00
5.707766056060791016e+00
6.494633197784423828e+00
5.915097713470458984e+00
6.046275138854980469e+00
5.799820899963378906e+00
5.848109245300292969e+00
5.000515937805175781e+00
5.049292564392089844e+00
5.319471836090087891e+00
6.050808906555175781e+00
6.214088916778564453e+00
5.461063861846923828e+00
5.555463790893554688e+00
5.878352165222167969e+00
5.778369903564453125e+00
5.182187557220458984e+00
5.220568656921386719e+00
5.239474296569824219e+00
4.988580703735351562e+00
4.997917652130126953e+00
4.974846363067626953e+00
4.991971492767333984e+00
5.087007045745849609e+00
5.134571075439453125e+00
5.169042587280273438e+00
5.384087562561035156e+00
5.034437179565429688e+00
5.807290554046630859e+00
6.228052139282226562e+00
5.900698184967041016e+00
5.100896835327148438e+00
4.979696750640869141e+00
5.453914165496826172e+00
5.584839820861816406e+00
5.981859683990478516e+00
5.799617767333984375e+00
5.764845848083496094e+00
5.522832870483398438e+00
6.028687000274658203e+00
5.575288295745849609e+00
5.152157783508300781e+00
5.756130695343017578e+00
6.159409523010253906e+00
5.732659816741943359e+00
5.160973072052001953e+00
5.953207015991210938e+00
5.193980693817138672e+00
6.064538002014160156e+00
5.455873489379882812e+00
5.269708156585693359e+00
5.333533763885498047e+00
6.034465312957763672e+00
5.151524066925048828e+00
6.152772903442382812e+00
5.460713386535644531e+00
5.354910850524902344e+00
6.450776100158691406e+00
5.868393421173095703e+00
5.770381927490234375e+00
6.179058074951171875e+00
5.816840648651123047e+00
5.458664417266845703e+00
5.609809398651123047e+00
5.409762859344482422e+00
0.000000000000000000e+00
5.981668472290039062e+00
5.473958969116210938e+00
5.353682041168212891e+00
5.722290992736816406e+00
5.062865734100341797e+00
5.872382164001464844e+00
5.381334304809570312e+00
5.131075859069824219e+00
6.035195827484130859e+00
5.354549407958984375e+00
5.375482082366943359e+00
5.504116535186767578e+00
5.335735321044921875e+00
5.271114826202392578e+00
5.268253326416015625e+00
5.791483879089355469e+00
5.573170185089111328e+00
5.710008144378662109e+00
5.988358020782470703e+00
5.729932785034179688e+00
5.153782844543457031e+00
5.832575798034667969e+00
5.974198341369628906e+00
6.452396392822265625e+00
5.382245063781738281e+00
5.969082832336425781e+00
5.147616386413574219e+00
6.219375133514404297e+00
5.557905197143554688e+00
5.905707836151123047e+00
5.548703193664550781e+00
5.420868873596191406e+00
5.954831123352050781e+00
5.451876640319824219e+00
5.538178443908691406e+00
5.213670730590820312e+00
5.376278877258300781e+00
5.314794063568115234e+00
5.623795509338378906e+00
5.797363758087158203e+00
6.006998538970947266e+00
5.781072616577148438e+00
5.306154251098632812e+00
4.849348545074462891e+00
6.054171085357666016e+00
6.004376411437988281e+00
6.252672672271728516e+00
5.040901184082031250e+00
5.389557838439941406e+00
5.673142910003662109e+00
5.737170219421386719e+00
5.349534988403320312e+00
5.107024669647216797e+00
5.873831272125244141e+00
5.342569351196289062e+00
5.755423545837402344e+00
6.093157291412353516e+00
5.418745517730712891e+00
5.877141475677490234e+00
6.069506168365478516e+00
5.520598411560058594e+00
5.829516410827636719e+00
6.019918918609619141e+00
5.541576862335205078e+00
5.264458656311035156e+00
5.149183750152587891e+00
5.921393871307373047e+00
5.525426864624023438e+00
5.578581333160400391e+00
5.359784126281738281e+00
5.466803550720214844e+00
5.855591297149658203e+00
4.962686061859130859e+00
5.574157714843750000e+00
5.855541229248046875e+00
5.373414516448974609e+00
5.807608604431152344e+00
5.353971004486083984e+00
5.168935775756835938e+00
5.383122444152832031e+00
5.652534008026123047e+00
0.000000000000000000e+00
6.148225784301757812e+00
6.180788993835449219e+00
5.463815212249755859e+00
6.046531200408935547e+00
5.451154232025146484e+00
5.939658641815185547e+00
5.761613368988037109e+00
5.270096778869628906e+00
5.749775886535644531e+00
6.005895137786865234e+00
5.646943569183349609e+00
5.810288906097412109e+00
5.589252948760986328e+00
5.327539443969726562e+00
6.161767482757568359e+00
5.786407947540283203e+00
5.945588588714599609e+00
5.102224349975585938e+00
5.574184417724609375e+00
5.546643733978271484e+00
5.521700859069824219e+00
5.470751762390136719e+00
5.531472206115722656e+00
6.162392139434814453e+00
5.465412616729736328e+00
5.260820388793945312e+00
5.240328788757324219e+00
5.624871253967285156e+00
5.524665355682373047e+00
5.679864406585693359e+00
5.361205577850341797e+00
6.021670341491699219e+00
6.906069278717041016e+00
5.653896331787109375e+00
6.255164623260498047e+00
5.853901863098144531e+00
5.601102828979492188e+00
5.059948444366455078e+00
5.371520519256591797e+00
6.080037593841552734e+00
5.586769104003906250e+00
6.061238288879394531e+00
6.200583457946777344e+00
5.008243083953857422e+00
5.432683944702148438e+00
6.263309478759765625e+00
6.112567424774169922e+00
5.984537124633789062e+00
6.077658653259277344e+00
6.152988433837890625e+00
5.972152709960937500e+00
5.887081146240234375e+00
5.646592140197753906e+00
5.664963245391845703e+00
4.834283828735351562e+00
6.133518218994140625e+00
6.608901977539062500e+00
5.491114616394042969e+00
6.214730262756347656e+00
5.701416969299316406e+00
5.606905937194824219e+00
5.703647613525390625e+00
5.468094825744628906e+00
5.862411022186279297e+00
4.983802795410156250e+00
5.223420143127441406e+00
5.187424182891845703e+00
4.731577873229980469e+00
5.910343170166015625e+00
6.016668319702148438e+00
5.813430309295654297e+00
6.171660423278808594e+00
5.904998302459716797e+00
5.740328311920166016e+00
5.816689968109130859e+00
6.088592052459716797e+00
6.207997322082519531e+00
6.845252037048339844e+00
6.307061672210693359e+00
5.990502357482910156e+00
5.766149520874023438e+00
5.505939483642578125e+00
5.229083061218261719e+00
5.255007266998291016e+00
4.921999931335449219e+00
5.094924926757812500e+00
6.287703514099121094e+00
5.611581325531005859e+00
6.544066429138183594e+00
6.399964332580566406e+00
6.109979629516601562e+00
6.878245830535888672e+00
6.113827705383300781e+00
5.854173660278320312e+00
6.287032604217529297e+00
6.057666778564453125e+00
5.801984786987304688e+00
5.433565616607666016e+00
6.346837043762207031e+00
5.241037845611572266e+00
6.418386459350585938e+00
5.674612522125244141e+00
6.359021186828613281e+00
6.219205856323242188e+00
5.730962276458740234e+00
6.342088222503662109e+00
6.600530624389648438e+00
6.753024578094482422e+00
6.590134143829345703e+00
5.457139968872070312e+00
5.927586555480957031e+00
6.656097412109375000e+00
6.760338306427001953e+00
6.223490715026855469e+00
6.634918212890625000e+00
7.174169540405273438e+00
6.208274841308593750e+00
7.355775833129882812e+00
