tree
version=v2
num_class=1
num_tree_per_iteration=1
label_index=0
max_feature_idx=31
objective=binary sigmoid:1
feature_names=Column_0 Column_1 Column_2 Column_3 Column_4 Column_5 Column_6 Column_7 Column_8 Column_9 Column_10 Column_11 Column_12 Column_13 Column_14 Column_15 Column_16 Column_17 Column_18 Column_19 Column_20 Column_21 Column_22 Column_23 Column_24 Column_25 Column_26 Column_27 Column_28 Column_29 Column_30 Column_31
feature_infos=[0:1] [0.031151372999239622:0.99892667987773087] [0.023239629331020722:0.99977018191224376] [0.00041593537509112416:0.99979963516933057] [0.070785433088535007:0.99973292130625557] [0.008749235800361993:0.99986434815061243] [0.53973566607951018:0.99813919783909799] [0.10389594504709108:0.9984911605558906] [0.0082639324149567719:0.99760546353154078] [0.089354060651466879:0.99513870394275206] [0.10619546419681447:0.9813912100200618] [0.052614560007646582:0.98838207017715607] [0.10989144575097204:0.99258166211365717] [0.24387826448544622:0.9994362232394931] [0.16036638071176409:0.99987081297888625] [0.14097597965828298:0.99526493270220828] [0.40408383962030353:0.98495316558518131] [0.32550079845239188:0.99950933339515358] [0.19669606781929086:0.70735163666291689] [0.53994137984942192:0.99911237397508224] [0.40024602901642503:0.99775193671405571] [0.40114464099895941:0.99978345550483827] [0.15267175572519087:0.99580665813060187] [0.049568020511717818:0.99986579891024907] [0.34939759036144591:0.99335574767851431] [0.30885362278996625:0.99603035135826667] [0.10028880302028383:0.85712028649673477] [0.16124200804286026:0.99887055113186596] [0.1202098568135104:0.99869065247736855] [0.13171555219835629:0.9957023045586223] [0.0044052863436123352:0.99559385857644767] [0.027027027027027029:0.97297297297297292]
tree_sizes=4128 10584 16818 17889 17912 17986

Tree=0
num_leaves=62
num_cat=0
split_feature=8 1 14 18 24 7 30 19 26 10 29 2 14 22 17 13 24 1 1 11 2 4 28 16 29 1 4 17 4 10 28 6 12 17 5 6 13 1 5 14 8 12 26 5 19 2 14 23 22 28 21 2 17 6 3 14 4 1 24 19 16
split_gain=1351.79 841.656 389.622 401.423 377.749 275.107 270.633 301.47 275.57 266.01 248.206 211.329 171.803 171.23 169.408 168.651 159.281 153.089 140.96 137.822 119.42 105.81 102.307 94.8698 94.4455 91.3365 89.647 85.491 173.477 161.809 103.59 87.2512 84.9344 76.5863 75.797 68.2998 67.6907 62.4701 59.4923 51.6596 105.605 73.9569 34.6919 71.8419 34.4654 68.2702 26.7266 79.9322 32.0837 32.3468 24.4368 48.8439 18.3265 13.5253 57.405 11.0862 28.363 58.8999 9.95426 9.56472 8.30225
threshold=0.054242604377957311 0.54891631718868028 0.53441168327098165 0.46148690510713641 0.69424824593021595 0.44465328338267801 0.24001456885202013 0.77462553343477658 0.35442155141381565 0.31678019050058343 0.28811016197609068 0.042843323271884226 0.45704232690773161 0.5876042785163752 0.66752053769016795 0.56069671446464808 0.73079016866351687 0.36431755591020787 0.60101634515374458 0.5996819775964054 0.095330452056863954 0.23278535996629854 0.6947672222613045 0.7865055753335447 0.39848015702562672 0.32140515846903711 0.34193842306099359 0.81793707006499095 0.26590574337701706 0.53272871126989385 0.6751202615952695 0.903331327741145 0.35418665594308302 0.69775351527120877 0.033946693640936949 0.91431006049046637 0.45043564314393375 0.56875351592089374 0.024722273377101336 0.48721778927748949 0.048358370041176053 0.32885825838844041 0.36559673106851703 0.070817804884218669 0.88900277062079225 0.16845209740977443 0.3703859913192199 0.39615709004436744 0.5846085256681679 0.48216195488382046 0.73018555902842974 0.087060939426859066 0.82290980126116786 0.85755559458295771 0.10558657520188776 0.44074693271084658 0.27561673237991263 0.53731288009329947 0.74484475706295716 0.85018554160661508 0.70217008992407848
decision_type=2 2 2 2 2 2 2 2 2 2 2 2 2 2 2 2 2 2 2 2 2 2 2 2 2 2 2 2 2 2 2 2 2 2 2 2 2 2 2 2 2 2 2 2 2 2 2 2 2 2 2 2 2 2 2 2 2 2 2 2 2
left_child=1 6 3 5 11 37 7 8 13 14 16 -3 33 17 -6 22 26 -1 -12 -9 -20 -19 24 -13 34 -5 -4 28 31 30 35 -27 -18 -8 38 42 -23 -2 -16 41 -41 -36 53 -44 50 -46 -43 48 49 -48 51 -29 -34 60 -55 -52 57 -57 -51 -58 -30
right_child=2 4 10 25 9 -7 12 19 -10 -11 18 23 -14 -15 15 -17 32 21 20 -21 -22 36 -24 -25 -26 27 -28 44 29 -31 -32 -33 52 -35 39 -37 -38 -39 -40 40 -42 46 43 -45 45 -47 47 -49 -50 58 55 -53 -54 54 -56 56 59 -59 -60 -61 -62
leaf_value=-2 -2 1.2980152152147812 -2 -2 -2 -2 -2 -2 -2 -2 -2 -2 -2 -2 0.88775642651431308 -2 -2 -2 1.3828256486041126 0.8877564265143133 -2 1.6900985107839563 -2 0.28565517585734779 -2 -2 0.8877564265143133 -2 1.9205251011440903 -2 -2 0.8877564265143133 1.7587164780214108 1.6999832549285838 -2 -2 -2 1.5878564816567058 -2 -2 1.3828256486041126 1.905007596954116 -2 1.3828256486041126 1.3828256486041126 -2 0.3967031669170944 -2 0.28565517585734779 1.2173533195852435 1.9251125706227419 1.3828256486041126 0.65465464479118751 -2 1.5878564816567058 -2 1.8972948177849562 1.3828256486041126 1.8516504567857823 1.2706822488509659 1.4721131135554346
leaf_count=70 22 23 116 33 81 266 25 2033 338 143 349 458 85 111 20 74 29 38 20 20 65 36 42 38 37 108 20 20 24 59 35 20 25 20 24 22 21 20 49 54 20 22 32 20 20 30 34 28 38 26 33 20 26 20 20 25 23 20 29 24 34
internal_value=0 -0.633975 0.771855 1.07528 0.200684 -0.69321 -1.29882 -1.48305 -0.549583 0.629758 -0.258883 -1.10848 0.44118 0.248448 0.829477 0.956668 0.619414 0.744319 -1.25632 -1.9061 0.172417 1.18765 1.08329 -1.6375 1.1601 1.31112 -0.929523 1.34361 0.978911 1.23494 1.39113 -0.880956 1.30196 1.31185 1.23101 1.49113 1.49407 1.16574 -0.318241 1.3497 0.312441 1.47977 1.55706 0.654655 1.62236 0.690856 1.54223 1.32181 1.43755 1.57619 1.69998 0.887756 1.54792 1.68906 1.19996 1.76836 1.59408 0.785831 1.72912 1.7767 1.7979
internal_count=5637 4037 1600 950 1240 308 2797 2667 614 721 650 519 130 276 578 497 216 165 434 2053 85 95 423 496 381 642 136 609 394 266 207 128 80 45 344 172 57 42 69 275 74 201 150 52 215 50 177 155 127 89 165 40 51 98 40 125 92 45 55 47 58
shrinkage=1


Tree=1
num_leaves=138
num_cat=0
split_feature=8 1 14 19 31 17 5 2 3 12 7 17 14 5 24 6 22 14 12 1 25 4 12 14 7 3 28 27 2 27 3 27 19 20 18 30 29 1 29 16 26 10 23 30 21 23 27 24 4 14 17 7 8 30 7 11 24 28 17 30 30 28 28 5 23 30 4 8 1 24 11 16 14 4 20 24 1 2 1 10 1 24 29 14 29 7 2 15 11 12 16 1 24 17 25 10 29 19 19 27 11 8 1 19 19 22 1 9 18 23 17 5 16 25 9 13 22 6 24 16 1 14 26 1 3 7 2 4 1 1 1 2 1 1 1 15 15
split_gain=186.237 122.51 65.0794 96.8201 88.8737 62.5036 59.8953 75.167 59.6766 52.418 51.5 51.372 77.2146 51.1276 61.083 48.3022 43.3081 41.8894 38.9767 38.4736 33.807 32.0126 31.7971 30.4213 28.4549 54.4401 36.398 26.7599 25.0508 24.4579 23.6329 23.4731 23.0887 39.9856 32.4572 33.2635 22.809 20.3027 23.8537 18.3765 18.2627 14.8408 12.1315 12.024 12.0045 13.6798 10.3745 48.1946 10.0586 9.61906 15.0786 9.33903 20.1905 36.5916 8.93998 8.01023 7.95402 6.73334 20.3441 12.1866 58.7146 7.16659 45.7918 24.5939 6.57347 6.25954 6.20685 5.61943 5.18987 5.10273 4.90231 4.80816 9.89957 4.80615 4.73102 4.39714 3.61009 9.72423 3.42638 3.53327 3.14247 3.04323 2.61161 2.59443 2.56804 2.46374 2.38289 2.31262 2.31116 2.23522 2.19557 2.9065 2.0686 2.04308 3.40535 4.75737 1.76296 1.51571 1.37639 2.38095 1.27088 1.24373 2.68231 6.1418 1.20322 1.93737 1.13013 1.12023 0.941889 0.788666 0.764789 0.722224 0.682447 0.607184 0.620104 0.583692 0.580405 0.440946 0.298267 0.561695 0.709774 0.254049 0.222143 0.164147 0.149477 0.149228 0.0223706 2.84217e-14 1.42109e-14 3.55271e-15 3.55271e-15 3.55271e-15 1.77636e-15 1.77636e-15 1.77636e-15 1.77636e-15 8.88178e-16
threshold=0.046711476780882229 0.40734174840359483 0.47460034573615778 0.84908707615507406 0.18911514253980008 0.68316924229760645 0.063817117732123757 0.047651699458649298 0.30047392663140271 0.28434423434561756 0.4961022980011765 0.70278257491727847 0.48721778927748949 0.052789147485548978 0.7272675317751508 0.78665903225259426 0.60484456290490252 0.46222699819509327 0.63682587944964142 0.47196502822234115 0.65832145170018841 0.20889109921494967 0.36661370420711298 0.23206502644346486 0.41211934766803932 0.049375248549776589 0.68146753966250395 0.8259846149708866 0.25718197378167879 0.74330306743569208 0.047824822931304294 0.58485749514419638 0.77724646900749328 0.72910594381698746 0.57430866171665584 0.17613150377009026 0.3166074025083298 0.51498213386614233 0.3209054691592208 0.86476228665655797 0.27390069411151313 0.30071223975146349 0.40173529905916933 0.2334057842566615 0.728020114076812 0.31565765084369685 0.81227704248713606 0.7380384566095437 0.21254415369214766 0.53123653085347478 0.81342188713081276 0.46536309140269311 0.05990169695586544 0.043960087262618054 0.46525599605125167 0.33371172465989923 0.69424824593021595 0.48874092070212422 0.70776010952796908 0.11004579551635416 0.17172578988650786 0.61892186962355145 0.56405933630525762 0.06752184745943024 0.3751041281531986 0.065988656680530097 0.28224462805766515 0.05620809254528767 0.49347358104424172 0.68026592682149267 0.46615612464032025 0.75687905670215316 0.50190044225694608 0.29721510217907549 0.76064699577322126 0.74484475706295716 0.55799923950994346 0.043675825385454413 0.5902620687427943 0.25391967967255885 0.5902620687427943 0.70606976550849121 0.34239580241367579 0.595627671128654 0.29671308307067518 0.45180710701619664 0.16713173099985465 0.49311377398334039 0.58419690550647518 0.41507369789735238 0.81369225641657339 0.35433854364246664 0.7142974290885602 0.6698001204524302 0.495698604624426 0.29247917296478249 0.27362673599941972 0.83631518148314243 0.7754385416200521 0.62657924254045227 0.50210511549387538 0.046328020258879138 0.36442226411283823 0.77462553343477658 0.76957094644526991 0.59015387446642553 0.36442226411283823 0.25235472664611797 0.53441709315449692 0.38525435599586072 0.87626773115530321 0.024722273377101336 0.72192610570504989 0.4553660606654954 0.27291810477490436 0.4703418006937547 0.55264030911317441 0.90963624346155958 0.66333119975392274 0.76067078546612055 0.36442226411283823 0.45931685487794865 0.21435654823886111 0.55799923950994346 0.095429187529538204 0.44542971432920159 0.067696963398839974 0.14712867790211845 0.60101634515374458 0.34291371129093767 0.53731288009329947 0.067696963398839974 0.59068716327417603 0.5721231913794419 0.65871385165845309 0.43430608951717314 0.50614910927023049
decision_type=2 2 2 2 2 2 2 2 2 2 2 2 2 2 2 2 2 2 2 2 2 2 2 2 2 2 2 2 2 2 2 2 2 2 2 2 2 2 2 2 2 2 2 2 2 2 2 2 2 2 2 2 2 2 2 2 2 2 2 2 2 2 2 2 2 2 2 2 2 2 2 2 2 2 2 2 2 2 2 2 2 2 2 2 2 2 2 2 2 2 2 2 2 2 2 2 2 2 2 2 2 2 2 2 2 2 2 2 2 2 2 2 2 2 2 2 2 2 2 2 2 2 2 2 2 2 2 2 2 2 2 2 2 2 2 2 2
left_child=11 8 5 6 10 85 7 -4 39 74 80 18 13 14 20 -11 30 22 23 31 43 83 108 -1 25 -17 46 32 -10 44 -15 -8 36 96 35 37 -23 38 67 66 -32 42 73 78 45 -24 48 -48 -26 50 54 52 53 -39 -6 -50 89 69 -59 61 -61 62 63 -60 -53 -58 90 -35 -19 -57 -67 106 -73 107 -7 116 100 -78 98 -80 115 -55 -51 -21 -74 -3 -56 -52 110 126 104 -92 -37 131 -95 -96 -34 -18 99 -13 101 122 129 -104 105 -2 -68 -42 125 -88 111 -14 -28 -81 -115 -5 -33 -106 119 130 -121 132 -25 -100 -84 -16 -9 -124 -120 135 -113 -79 -87 -111 -126 -103 -137
right_child=1 2 3 4 49 9 19 56 28 15 -12 12 88 16 17 24 97 68 -20 21 -22 27 29 76 26 -27 112 -29 -30 -31 40 75 33 34 -36 92 -38 51 -40 -41 41 -43 -44 -45 -46 -47 47 -49 55 82 87 64 -54 81 86 57 65 58 59 60 -62 -63 -64 -65 -66 70 71 -69 -70 -71 -72 72 84 -75 -76 -77 77 93 79 113 -82 -83 124 -85 -86 121 109 -89 -90 -91 91 -93 -94 94 95 -97 -98 -99 123 -101 -102 102 103 -105 117 -107 -108 -109 -110 133 -112 118 -114 114 -116 -117 -118 -119 128 120 -122 -123 127 -125 134 -127 -128 -129 -130 -131 -132 -133 -134 -135 -136 136 -138
leaf_value=0.61719702748293714 -2.3954820020173542 -2.3305462960584133 0.64751249479018447 -1.135335296622195 -3.5360163775508808 -1.6091331260870949 0.5190890138794213 -1.1353352966221961 0.92090961225812662 -3.1159052678447048 0.9945656051893399 -2.2116917833925611 -1.6581452561866086 -1.7084908861037389 -1.4633777895308442 0.54723757821417807 -1.9158726176201686 -1.3616026112294686 0.80691371995653527 -2.5789142528068347 0.59167560720140489 1.2424825984298369 -1.9394544866505463 -1.4633777895308437 -0.11783458023608542 -3.4268729301023653 -1.2482711029541058 -2.0499100953589267 -1.8292428603951203 -1.9642192306927746 -1.993397995885908 -1.6791156717061428 -2.5269248868511585 -1.1353352966221975 -2.3547103821889044 -1.3408105002674537 -2.0118787467437791 0.67332896295727462 0.54926955341696404 0.093052458714160374 0.81565604467200925 -1.2190009593871203 -1.3318640923233713 -3.4875321869289881 0.99821128282333971 0.54589059032876974 -3.7395740163876714 0.74239091679518798 -0.033682110921114852 -2.0496666874421789 -4.0099755719187726 1.1146374597752629 0.89587990505665382 -1.4434048993710726 -2.3974321880524578 0.63784555358303974 -1.7485447940532886 -1.766963495793064 -2.3321752360123735 -3.6088218095031293 0.78443831429105648 1.1725620421143261 -2.6341024366090808 1.0353683819338262 0.27677330956478813 -4.066720295519973 -1.1353352966221963 -3.3134100348155355 -3.1462991498622328 1.1999340530223681 -2.300028573785184 -4.0012671842050285 -2.5100088260604916 0.20332375191678048 -3.5978252342638886 -2.5299468567996772 -3.2533944272240349 -1.1353352966221966 -2.6179180732853027 -1.1353352966221972 -2.8622713299174456 -2.7098940611055804 -1.4218096392261592 -1.1353352966221966 -1.2608309200110674 -1.1353352966221972 -1.6734226193262174 -2.8946013399058503 -2.1457223961099583 -2.1701598956011763 -1.135335296622197 -2.6498613712149215 -2.6665300107497258 -1.1353352966221963 -2.5910483379377114 -1.1353352966221968 -1.4869443723304077 -1.135335296622197 -1.1353352966221968 -1.1353352966221968 -1.7825721261443892 -1.1353352966221966 -2.824198271879653 -1.1353352966221968 -1.135335296622197 -1.1353352966221966 -1.8942129833087062 1.0882567203836671 -1.9849081507654704 -1.1353352966221968 -1.712355797975643 -1.1353352966221966 -1.9027891293557777 -1.9239351769959809 -1.2660632389889326 -1.8635278373869884 -1.1353352966221968 -1.4834208323480309 -1.135335296622197 -1.135335296622197 -1.7491888543299343 -1.4930725537605702 -1.135335296622197 -1.3763406207941975 -1.135335296622197 -1.1353352966221968 -1.2660632389889326 -1.135335296622197 -1.135335296622197 -1.135335296622197 -1.1353352966221968 -1.1353352966221968 -1.1353352966221968 -1.1353352966221968 -1.135335296622197 -1.1353352966221966 -1.1353352966221966
leaf_count=21 20 20 24 20 20 21 20 30 22 27 20 32 27 35 20 20 25 29 20 23 22 33 28 20 37 37 39 28 34 28 20 22 20 21 27 21 20 21 20 22 27 32 22 24 32 20 22 23 23 35 30 28 33 34 22 22 30 27 20 28 27 34 30 35 25 33 47 20 24 38 20 23 21 21 20 33 23 62 35 28 21 27 20 21 35 69 36 25 21 35 23 21 20 67 38 34 31 86 241 43 34 62 33 49 318 26 29 26 20 41 21 62 21 29 20 20 75 36 336 31 33 21 65 28 89 38 20 618 114 20 38 62 37 31 23 27 21
internal_value=0 0.184265 0.314879 0.0172621 -1.00931 0.591111 0.264769 -0.953776 -0.869993 0.669142 0.28108 -0.59208 -0.365382 -0.0957492 -0.508675 0.709511 0.406238 0.106901 -1.07074 0.424861 -1.2419 0.537978 0.342643 -1.20717 0.741889 -0.490736 0.801584 0.589661 0.479236 0.605992 0.627702 -0.828456 0.631237 0.439615 0.53441 0.601597 1.13314 0.679324 -0.551732 -1.32098 0.730029 0.800832 0.880427 -1.54041 0.768719 -0.182424 0.84452 0.173051 0.887192 -1.93972 -2.35061 0.783246 0.4959 -0.295324 -1.8266 0.916589 -2.27038 0.942074 0.823306 0.864141 0.276643 0.97369 0.747889 0.929058 1.00533 -2.88844 -1.49778 -2.30548 -2.30842 1.11807 -3.43282 -2.00056 -2.47872 0.942173 -2.62007 -1.60383 -1.32472 -1.61204 -1.42415 -1.85804 -2.04636 -2.05873 -1.39545 -1.95045 -1.80522 -1.35991 -1.51798 -3.52469 -1.25676 -1.61264 -1.30883 -1.93003 -2.01734 -1.43211 -1.66411 -2.05082 -1.98827 -1.3504 -1.26661 -1.6253 -1.23044 -1.2075 -1.41335 -1.84221 -1.23441 -1.69853 -1.43712 1.01746 -1.45875 -1.32922 -1.22191 -1.20019 -1.49674 -1.5098 -1.68689 -1.51706 -1.27088 -1.17328 -1.17726 -1.28593 -1.49058 -1.19914 -1.14478 -1.16225 -1.17971 -1.24935 -1.18966 -1.13534 -1.13534 -1.13534 -1.13534 -1.13534 -1.13534 -1.13534 -1.13534 -1.13534 -1.13534
internal_count=5637 2643 1966 1268 453 698 815 192 677 551 81 2994 1718 1035 741 510 294 239 1276 623 502 473 186 1256 483 57 426 429 56 108 183 150 401 348 297 270 53 229 61 621 148 128 96 480 80 48 366 45 321 372 205 168 115 82 150 284 168 261 201 174 55 119 85 55 53 83 599 41 53 60 53 155 79 74 41 130 1235 286 456 112 61 61 167 44 56 147 130 55 683 85 444 44 41 263 139 72 51 111 344 75 949 915 212 82 400 46 76 53 78 108 662 641 60 77 49 40 97 354 614 164 64 127 703 269 132 58 50 683 450 130 100 124 106 72 112 110 48
shrinkage=1


Tree=2
num_leaves=215
num_cat=0
split_feature=4 21 15 29 24 8 2 17 29 27 29 9 26 14 26 7 9 13 15 8 19 4 17 14 1 11 29 5 11 11 23 21 15 1 31 29 7 10 31 7 13 25 24 6 5 17 31 28 8 14 1 11 15 26 26 14 28 4 25 15 22 1 14 3 20 10 21 29 2 8 13 19 16 1 6 29 20 19 16 17 5 4 24 18 23 14 8 22 16 12 30 12 1 18 5 11 6 10 10 28 30 19 13 8 11 1 24 11 13 5 23 8 26 5 7 17 11 13 17 7 21 31 24 1 4 10 28 1 23 17 25 14 12 7 26 24 8 28 4 1 8 8 4 1 14 1 8 5 18 1 21 14 17 14 26 30 1 17 11 17 30 31 22 28 30 6 13 7 30 28 29 1 26 27 12 1 29 7 23 1 15 28 14 5 7 15 1 19 16 22 22 21 10 1 1 20 8 1 24 4 14 14 18 15 2 26 1 1 21 27 12 15 13 1
split_gain=51.8159 60.4092 31.6026 31.3209 30.5265 27.7965 30.8304 24.5603 22.7341 26.9907 21.7559 21.2825 18.1476 18.0322 17.9692 16.9605 12.8669 12.4343 11.6995 12.1442 17.8751 13.3867 10.9514 10.3222 10.062 9.49883 8.27334 8.24155 8.23725 8.02848 7.7796 7.63262 9.56131 8.86189 8.22918 7.77619 7.62238 7.04744 6.99026 6.82636 25.162 9.75352 7.35982 15.7587 6.81038 6.40825 6.25241 5.52971 5.48177 4.82984 4.67632 4.63331 4.59175 3.82975 3.79516 3.69312 3.68218 3.96695 3.03992 8.93775 12.1571 2.87475 3.03341 2.60174 14.1804 2.54128 11.2798 1.92585 1.82148 4.4246 1.79965 1.59234 1.44543 1.44443 3.04373 1.32101 3.34227 1.29526 1.295 1.15211 1.10984 1.75828 2.11954 0.920402 0.839239 0.754141 0.648223 0.647137 1.65084 0.570368 0.564684 0.892525 0.486901 0.430726 0.382557 0.382042 0.345396 0.303588 0.245441 0.235341 0.181302 0.140911 0.125377 0.115262 0.101829 0.101251 0.0953978 0.0913718 0.0902738 0.0868132 0.0647786 0.0602621 0.0571918 0.0537423 0.0520599 0.0508767 0.0507548 0.0431982 0.0409515 0.0408991 0.0408235 0.0379747 0.0348247 0.0344851 0.0289268 0.0360841 0.0283259 0.0245377 0.0241153 0.0239976 0.0304309 0.0374168 0.0302744 0.0231748 0.0230909 0.0218603 0.0216802 0.021404 0.0204841 0.0203535 0.0205596 0.0199604 0.0198016 0.0189082 0.017964 0.0179027 0.0158164 0.0150249 0.0178957 0.0147767 0.0137348 0.0136821 0.0120654 0.0119576 0.0121334 0.0104281 0.0103712 0.010367 0.00960881 0.00848828 0.00823123 0.0081664 0.00672552 0.00643969 0.00617881 0.00601828 0.00598477 0.0053745 0.00513815 0.00497536 0.00635619 0.00458609 0.0041072 0.00354598 0.00323578 0.00279732 0.00221587 0.00203802 0.00164088 0.00162571 0.00170628 0.00139742 0.00133154 0.00184911 0.000828399 0.000733472 0.000693815 0.000672419 0.000672257 0.000584723 7.68534e-05 7.6252e-05 7.25624e-05 5.44987e-05 2.57466e-05 1.6167e-05 1.58436e-05 3.44148e-05 1.76522e-05 1.22698e-05 9.82143e-06 6.07344e-06 2.92671e-06 2.62834e-06 2.55587e-06 2.22048e-06 2.10738e-06 2.09158e-06 1.17438e-06 6.06954e-07 1.76399e-07 1.15071e-07 6.32693e-08 1.77636e-15
threshold=0.28631168561207659 0.75400545349622483 0.59660937286518922 0.22634800283961856 0.69424824593021595 0.15860760940782068 0.039877483875934545 0.77919613824700196 0.39848015702562672 0.75491711718336008 0.49884799569663096 0.28213050213000362 0.36918016299869 0.34636149692884083 0.27081488934386738 0.54413809138742864 0.25328552933663517 0.5716710650642457 0.72977895164167128 0.045184310344011359 0.76736652031779962 0.29154828506696523 0.74804411173190621 0.48086218784322526 0.41054530791680055 0.4539656546460839 0.25213640274496468 0.066101011141368307 0.4010957176323941 0.61923754182248836 0.31421640790395688 0.75184000854460709 0.41414974845283226 0.73006766208514795 0.084018801410105773 0.34325558017253011 0.38368281384027225 0.25185753573085851 0.29453486522717115 0.42763706057379131 0.45606209919938606 0.50704665344906164 0.77555413316928179 0.84525358591263788 0.042737108406327703 0.75805957432522053 0.4547828082859931 0.69281173249849737 0.043028361604760569 0.63646918307615008 0.40743936975663936 0.29769614220908297 0.42118115071266299 0.24003427666269003 0.45700296456098494 0.54504521785737381 0.48811559832583812 0.64158889276191322 0.61890222276715001 0.43902101183377723 0.54824450517977408 0.5721231913794419 0.52620455010338485 0.053206047396065229 0.76064699577322126 0.19602508371851607 0.70853110951225229 0.52872398753897509 0.04504325030670172 0.043028361604760569 0.58722730062831807 0.87108638090955537 0.75687905670215316 0.54724496309899318 0.89008860431116432 0.24354026944318261 0.74048832571939738 0.77190340351591025 0.84386386647554679 0.7228499489671445 0.049506607039806215 0.25238425320423491 0.70068482818173317 0.58418056541998886 0.24632667995895477 0.48721778927748949 0.053213417208864834 0.58242538379901021 0.73256396035634219 0.4869868649537798 0.048365801146200468 0.36877376153231428 0.61177062156469486 0.45706745704047236 0.14704698209214592 0.44386371108882611 0.90963624346155958 0.21864568085838279 0.2240058059493355 0.55175354102154139 0.31270863416114486 0.7754385416200521 0.43799336423955609 0.052242159640329633 0.57139109608463423 0.36442226411283823 0.78236043362269536 0.39143677320934034 0.55731623931726471 0.089879032120151914 0.35437274613221326 0.064474447962775655 0.30570623551716886 0.049934296984058178 0.49988531378194845 0.69267027008879367 0.51917426269605027 0.67598731428543501 0.68013286754759983 0.50291172640656612 0.74534367368975385 0.18911514253980008 0.70606976550849121 0.46232565690966915 0.29999706095709783 0.24460286438138359 0.68316183927855489 0.48553253110043082 0.54504064115470652 0.7050207795515061 0.53143649878489974 0.47327470463881971 0.36848524317479098 0.42694876952866539 0.30228798133741563 0.70068482818173317 0.048867425520133019 0.49185360745265067 0.25238425320423491 0.43970219898949026 0.039225519605215947 0.048358370041176053 0.22385263026292193 0.40805413901330961 0.27473647249285188 0.48553253110043082 0.073131074735054591 0.067138164857657848 0.52712243102589984 0.4617697343841527 0.728020114076812 0.27473647249285188 0.69770021656851877 0.46569391203620925 0.29493340057619383 0.060204386226400279 0.48271930463329144 0.78338321245691822 0.40916276770038884 0.72231140703213448 0.070394370564112504 0.47515897223801901 0.5767159997148753 0.66819582340349981 0.077083095682052571 0.8438821791372233 0.56462102013955784 0.48401073158180402 0.092422939982024527 0.6947672222613045 0.29941513590476571 0.43970219898949026 0.32013403566065018 0.72612303378279464 0.39204765378378742 0.63327917438659542 0.23475426736783048 0.50291172640656612 0.29554833485192361 0.53649068668804289 0.42217505719978343 0.57546386130441396 0.40873632151524114 0.03516511396818698 0.46525599605125167 0.28601162753341575 0.48271930463329144 0.82527461275723502 0.70658304070721822 0.54824450517977408 0.51747387764597164 0.71069655446387003 0.22587118743139012 0.45036594089698179 0.40743936975663936 0.74674865859802908 0.052041485217297727 0.40743936975663936 0.74194000124676218 0.25484171108109238 0.52170894419764668 0.50365512165593251 0.44843115991819466 0.4003031236749845 0.053523583271482336 0.26312132004331129 0.33215943487998739 0.51498213386614233 0.7669981232059313 0.74923361361156049 0.36848524317479098 0.45033668501471941 0.35626540183126076 0.50422785745519205
decision_type=2 2 2 2 2 2 2 2 2 2 2 2 2 2 2 2 2 2 2 2 2 2 2 2 2 2 2 2 2 2 2 2 2 2 2 2 2 2 2 2 2 2 2 2 2 2 2 2 2 2 2 2 2 2 2 2 2 2 2 2 2 2 2 2 2 2 2 2 2 2 2 2 2 2 2 2 2 2 2 2 2 2 2 2 2 2 2 2 2 2 2 2 2 2 2 2 2 2 2 2 2 2 2 2 2 2 2 2 2 2 2 2 2 2 2 2 2 2 2 2 2 2 2 2 2 2 2 2 2 2 2 2 2 2 2 2 2 2 2 2 2 2 2 2 2 2 2 2 2 2 2 2 2 2 2 2 2 2 2 2 2 2 2 2 2 2 2 2 2 2 2 2 2 2 2 2 2 2 2 2 2 2 2 2 2 2 2 2 2 2 2 2 2 2 2 2 2 2 2 2 2 2 2 2 2 2 2 2 2 2 2 2 2 2
left_child=1 2 5 72 54 6 11 13 18 30 15 79 17 27 67 28 38 26 19 20 37 -22 93 48 -24 138 -9 -3 31 39 -10 33 -33 34 35 136 51 -5 -12 40 41 -21 47 -44 -28 -35 84 50 -6 53 -41 -36 -42 -46 92 -26 -32 99 59 60 -55 78 77 64 -52 -65 -67 -11 69 -30 96 87 89 83 80 -50 -77 -63 94 152 97 98 -83 104 -23 -14 158 -68 -89 103 91 -79 127 -16 100 -25 121 -75 -82 -58 101 102 144 172 110 160 113 165 124 111 114 129 -109 178 120 184 128 134 -115 157 133 135 162 -114 125 -86 149 168 166 151 147 132 -132 -70 -118 -15 171 -69 181 173 187 -100 -53 -130 -38 -142 -19 182 163 208 -134 -103 186 154 -126 -151 188 -117 -18 175 -104 169 -120 194 -148 -107 -101 -157 -4 179 -171 206 -2 191 189 -156 -146 200 -92 185 -181 203 183 -131 -99 -153 209 -141 -133 -135 -184 -112 -187 202 -149 -193 205 211 -199 204 -155 -190 212 -17 -192 -194 -8 210 -123 -1 -206 -198 -178 -207
right_child=3 7 4 8 23 -7 10 12 9 14 16 -13 85 70 22 25 86 146 -20 29 21 46 24 95 55 -27 44 -29 68 -31 56 32 -34 45 36 -37 61 -39 -40 42 52 -43 43 -45 49 -47 -48 -49 75 -51 63 142 -54 58 -56 -57 57 -59 -60 -61 -62 62 -64 65 -66 66 71 137 73 -71 -72 -73 -74 74 -76 76 -78 90 -80 -81 81 82 -84 -85 108 -87 -88 88 -90 -91 106 -93 -94 -95 -96 -97 -98 115 141 116 -102 109 105 -105 -106 107 -108 112 -110 -111 139 -113 123 118 -116 119 117 -119 122 -121 -122 126 -124 -125 153 -127 -128 -129 143 130 131 156 150 174 -136 -137 -138 -139 -140 140 145 -143 -144 -145 176 -147 164 148 -150 155 -152 161 -154 177 159 167 -158 -159 -160 -161 -162 -163 -164 -165 -166 -167 -168 -169 -170 170 -172 -173 -174 -175 -176 -177 193 -179 -180 180 -182 -183 190 -185 -186 192 -188 -189 201 -191 199 195 196 -195 -196 -197 197 198 -200 -201 -202 -203 -204 -205 207 213 -208 -209 -210 -211 -212 -213 -214 -215
leaf_value=-1.0434851960824345 -1.1215684872769198 -1.6027775818752987 -1.0404375905373962 -1.3061971807019124 -1.0872928291885227 0.69274572494723885 -1.0431577278583055 -1.2075248847656663 0.1489542588313682 -2.74871020690663 -1.1895358962669185 0.97358542383964453 -2.1574572980406548 -1.1525639316695695 -1.2318593343851405 -1.0403948126747771 -1.2175675350264392 -1.0400879765113697 -2.1050453847872985 -1.7983975204031384 0.61188279015099512 -1.9983461248998762 -1.9075471412671281 -1.0923135925987799 0.92796370445294718 0.68151439039475903 -1.3717509877028549 0.84035870838821858 -1.1563924801720096 -0.59629891837235671 -3.4035841173657864 0.67287348636460298 -2.0098040580543084 -1.3003291888518369 0.59455096071784108 0.75807112580026192 -1.1816270166794363 0.89943969801561929 0.82148245607957993 -0.16470157234771335 -3.3473616519139369 0.79391688519090575 -3.1935385668068252 0.36712306483415647 -0.063505013328904014 0.68588008205189055 0.23433652690413984 -1.1665947860254147 1.0583633503772569 -1.1842889245703287 0.73487742808670464 -1.0581545648476669 -1.252349810581477 0.57482158972999386 -3.4124180247751577 -1.1113163970745039 -1.7155801335602214 -3.1699343836548097 1.0657255639759202 0.9641361669517412 -1.8753501135012485 -2.1967313109248501 -2.8190547457876658 0.38123578871242442 -2.3004320318496947 -1.4059490825076253 1.0616528337343574 -1.2681798043905481 -1.2156095883558911 -3.7022792412262104 -2.6746137963775474 0.44664737738927351 -2.3382378027034272 -1.6227040928271392 -2.9615625436640856 0.83852993404321086 -1.0941048962569184 -2.2192724300875679 -2.0728420002468932 -2.2250811000865829 -1.6640719773841939 -1.5579687140185672 -2.9604338713580072 -1.9568869083563418 -1.3220074825870745 -1.2255451538614102 -2.0118627177087931 0.38902694648900643 0.98242848396071292 -1.9238369952349799 -1.10477244908523 -1.1972257442802348 -1.8468966837663243 -2.1299872818011281 -1.6589929575405409 -1.9583169274457222 -1.6976008386852501 -1.0826343452549068 -1.0401528059992322 -1.131311824466062 -1.4679456001072348 -1.1621804167436245 -1.1483532577925961 -1.3658940051416018 -1.3916280365207203 -1.0458827674437248 -1.50359722803902 -1.4630526638468708 -1.4048577502158881 -1.3189786329576345 -1.0514701901295602 -1.2499625218061265 -1.1691668376176847 -1.0531448909184522 -1.3575615373572951 -1.1166730007644594 -1.2616397293566435 -1.1406177031717111 -1.239943857199477 -1.3421027890105033 -1.3063631914585685 -1.0419089716884791 -1.341412630984347 -1.3501766534493793 -1.2024014674174177 -1.0863438375584582 -1.2356286470105444 -1.231307047853242 -1.0964011677701806 -1.0411689296106776 -1.0487676974927078 -1.0746345701839715 -1.1797551199640968 -1.0743559348596707 -1.398343746542505 -1.3389945380422217 -1.2253193717036204 -1.1131384449714838 -1.1986637873929114 -1.0386688954642274 -1.2432128708951644 -1.2176032460620525 -1.2482721222425575 -1.2759144142961536 -1.1014076910900443 -1.1033748914959602 -1.2161798068410046 -1.043323011128058 -1.2044095351059891 -1.2147837716061365 -1.291432054951499 -1.0698885143331436 -1.174343206771213 -1.0382488720603702 -1.0422100898111226 -1.1515625490154875 -1.1511753717819679 -1.2242918224737158 -1.1070243814837994 -1.1527563132794181 -1.0419997222286115 -1.1431515176791822 -1.1378366111240947 -1.136885532450931 -1.1174374774620033 -1.1612480128447091 -1.0429688042450211 -1.0545352043739302 -1.1348062584483869 -1.0403295005664583 -1.1386349871624653 -1.1237756190896437 -1.0432328623564087 -1.1106667288958887 -1.124172851467127 -1.1066300832551599 -1.0431196459975673 -1.0939997595260635 -1.043371626479239 -1.0405517256489654 -1.1030725891572051 -1.0889007609272856 -1.0520989236295104 -1.0978204296278511 -1.0431495246600095 -1.0520989236295115 -1.0755682446484673 -1.078522139312889 -1.0400187956582367 -1.0390034503077836 -1.0406764979454897 -1.0367708463057221 -1.041772885755468 -1.0520262889895253 -1.0356769661303173 -1.0420951254709885 -1.0434851960824363 -1.0397812944496889 -1.0327750801944149 -1.0375956169166483 -1.0431055864971381 -1.0434851960824358 -1.0409574268196506 -1.042987892459168 -1.0428937839960928 -1.0434851960824367 -1.0408426568380302 -1.0413970609257963 -1.0434851960824363 -1.0424298235011737 -1.0434851960824363 -1.0430161888283367 -1.0434851960824363 -1.0434851960824358
leaf_count=47 20 30 34 22 36 34 22 37 21 22 37 20 25 21 20 20 22 38 22 20 27 21 20 31 25 32 30 20 33 33 20 20 25 31 22 21 20 33 37 38 20 20 20 31 31 20 20 31 22 21 34 22 29 20 20 20 20 20 23 37 29 23 29 24 22 22 37 27 31 20 20 20 25 23 26 20 22 20 30 20 20 27 20 31 20 25 20 22 22 21 20 24 20 20 20 21 20 20 26 27 29 20 29 35 23 20 20 24 24 30 20 37 34 23 24 38 34 32 20 27 27 21 38 39 26 26 33 30 20 30 26 20 32 20 22 20 20 28 26 24 28 32 22 20 20 32 20 20 31 20 25 25 20 20 39 20 30 20 35 38 35 21 20 20 20 20 38 29 20 33 24 25 39 20 20 26 20 26 27 21 22 21 20 23 34 20 20 20 34 31 20 32 22 20 33 39 39 29 23 20 30 23 20 23 20 177 21 21 30 20 38 20 31 23
internal_value=0 -0.315187 -0.572036 0.242397 0.259398 -0.71153 -0.796362 0.291116 0.301048 -0.287521 -0.917583 0.359475 0.526291 -0.613611 0.242251 -1.02516 0.0978461 0.614742 0.437477 0.457497 0.00226283 -0.529086 0.53662 0.67842 0.713562 0.0706834 0.695527 0.426236 -1.11111 0.574475 -1.24379 -0.97275 0.0228761 -1.03648 -1.11018 -0.180076 -1.19386 0.723851 0.547335 0.612272 0.135585 0.600516 0.693752 -0.0878013 0.747135 0.0270137 -0.966064 0.75649 0.833807 0.786325 0.777185 -0.113351 -1.97385 0.816762 -1.60154 0.855019 -1.53788 -1.41203 0.871625 0.66182 -0.162316 -1.26658 -1.61215 0.813302 0.483618 0.872911 0.919011 -1.53825 -1.46765 -2.25192 -1.34178 0.966341 -1.58514 -1.4179 -1.61177 0.929783 0.566958 -1.48009 -1.17505 -1.29974 -1.50172 -1.75923 -2.21585 -1.24818 -1.23435 -1.71319 -1.40257 0.99684 0.891619 -1.37391 -1.37473 -1.73129 -1.31025 -1.56713 -1.15498 -1.40055 -1.24538 -1.27425 -1.32593 -1.25842 -1.14418 -1.13604 -1.20924 -1.22774 -1.1927 -1.26429 -1.26884 -1.31226 -1.16512 -1.10736 -1.16912 -1.09886 -1.36025 -1.23361 -1.22751 -1.18764 -1.22032 -1.28042 -1.26716 -1.23665 -1.18581 -1.1869 -1.29026 -1.29069 -1.13924 -1.2307 -1.15292 -1.16386 -1.1526 -1.09025 -1.11337 -1.15418 -1.20987 -1.13923 -1.32719 -1.28353 -1.12984 -1.21115 -1.11673 -1.11196 -1.15134 -1.16675 -1.18332 -1.22072 -1.08869 -1.19115 -1.13162 -1.07976 -1.12472 -1.1129 -1.2442 -1.06659 -1.07908 -1.11516 -1.13706 -1.14949 -1.08715 -1.1702 -1.16066 -1.11174 -1.10158 -1.05999 -1.19923 -1.07605 -1.17596 -1.1222 -1.09223 -1.10732 -1.08915 -1.05515 -1.09522 -1.07748 -1.07891 -1.05926 -1.08136 -1.0726 -1.05606 -1.06263 -1.07389 -1.04867 -1.07706 -1.06053 -1.05229 -1.07219 -1.05881 -1.0452 -1.05128 -1.05936 -1.05153 -1.05602 -1.04343 -1.04281 -1.04318 -1.04491 -1.03909 -1.04004 -1.04258 -1.0409 -1.03727 -1.04173 -1.04139 -1.04158 -1.04273 -1.04186 -1.04241 -1.04332 -1.04211 -1.0428 -1.04286 -1.04318 -1.04329 -1.04333 -1.04335 -1.04349
internal_count=5637 4176 3536 1461 276 3260 3226 640 1321 456 3079 147 356 284 182 2928 151 306 865 843 398 343 105 152 65 122 228 50 2806 445 274 2018 45 1973 1922 109 1813 55 74 412 89 40 323 51 191 51 316 272 100 161 241 66 49 140 124 45 253 233 109 86 49 1747 264 203 56 147 123 77 788 53 234 101 140 735 313 64 42 235 1483 127 287 125 47 422 296 50 77 81 44 115 212 44 104 40 1453 52 214 162 78 213 1433 1404 332 94 391 201 168 137 275 1072 368 1042 97 148 153 139 193 88 101 85 129 194 78 73 251 46 153 84 105 1005 486 190 83 102 56 41 88 55 90 215 104 58 44 40 131 60 78 296 104 120 57 519 107 205 129 69 107 58 57 103 64 499 40 73 40 40 65 49 54 478 57 68 59 111 71 65 111 76 47 421 43 64 192 53 54 378 87 44 77 51 139 91 353 91 53 71 333 111 52 119 50 57 71 43 99 222 43 79 51 67 58 59 51 200
shrinkage=1


Tree=3
num_leaves=227
num_cat=0
split_feature=8 1 15 5 22 25 14 18 27 17 23 19 27 18 29 23 27 19 31 9 31 31 26 5 14 5 19 24 27 23 23 3 2 20 29 23 9 8 31 25 19 19 17 29 19 11 30 18 2 8 12 22 21 2 29 29 30 4 7 27 30 6 5 3 30 31 9 17 6 9 11 1 23 25 19 1 16 19 1 1 16 8 7 1 17 19 2 29 10 4 22 29 5 7 30 14 4 27 20 29 11 9 3 10 20 29 19 5 24 30 24 13 23 22 26 1 25 11 19 30 25 12 17 11 19 19 31 30 15 26 8 16 10 19 31 24 25 14 3 16 17 29 17 20 29 2 22 10 24 5 31 28 4 26 3 5 8 24 21 10 21 18 12 12 23 19 3 13 14 19 18 3 17 29 10 26 27 9 19 2 30 8 20 28 23 17 15 30 12 1 0 21 31 1 11 21 20 19 16 16 16 26 8 27 5 18 18 2 16 26 1 17 13 4 1 25 16 27 1 14 1 23 28 12 30 15
split_gain=22.4939 16.1468 13.8842 14.5226 11.9806 11.6182 11.3994 14.0068 10.5734 9.67286 15.4274 13.0934 11.6223 12.468 9.15093 7.67297 7.66082 7.41505 8.06872 7.1613 7.14998 6.98249 8.51414 6.91296 6.68905 6.56596 5.80632 5.21604 5.06081 7.06644 5.67836 5.06051 9.10683 5.46587 4.82281 4.53501 4.53323 4.52656 4.35207 4.3177 4.2889 6.0302 4.06622 3.8956 3.89263 7.96379 3.98262 3.40396 3.29078 3.1698 2.92091 2.70873 2.64074 2.58451 2.26051 2.05788 1.88269 1.85696 1.81412 1.68441 1.65928 1.58432 1.78308 1.42083 1.24229 1.1306 0.851118 0.762198 0.742342 0.694561 0.5893 0.400658 0.388657 0.385458 0.33595 0.331703 0.33167 0.250485 0.233311 0.208712 0.155252 0.13921 0.138865 0.13494 0.126516 0.12082 0.112159 0.137369 0.0979895 0.083876 0.0720186 0.0689611 0.0649373 0.0502101 0.0429565 0.0496493 0.0368155 0.0383701 0.0365429 0.0340618 0.026169 0.0224142 0.0202909 0.0190655 0.0168095 0.0144831 0.0142037 0.0139933 0.0127131 0.0121248 0.0118233 0.0106381 0.00935564 0.00914808 0.00900379 0.00887328 0.00753512 0.00688438 0.00945415 0.0041368 0.00391819 0.00382869 0.00378945 0.00441745 0.0032591 0.00323026 0.00240992 0.00215517 0.00213918 0.00171585 0.00154529 0.00147019 0.00128906 0.00124008 0.00114208 0.00109975 0.00104311 0.00102963 0.00101846 0.000949216 0.00100483 0.000945745 0.000913859 0.000895452 0.000795368 0.000778136 0.000756372 0.000748504 0.000787586 0.000744688 0.000738371 0.000703607 0.000688388 0.000673102 0.000713911 0.000876856 0.000655232 0.00062894 0.000638006 0.00060129 0.000601066 0.000645774 0.000582891 0.000572536 0.000638496 0.000543078 0.000526855 0.000509094 0.000482146 0.000448326 0.000448285 0.000431928 0.000430263 0.000422477 0.000404127 0.000396759 0.000334956 0.000333747 0.000319557 0.000267175 0.000256006 0.000251333 0.000248441 0.000286618 0.000244563 0.000393689 0.00023899 0.000235876 0.000218591 0.000215992 0.000203388 0.000178234 0.000158726 0.000156664 0.000155393 0.000153196 0.000146663 0.000138746 0.000137422 0.000183808 0.000104647 7.56627e-05 5.71088e-05 5.45424e-05 5.45329e-05 4.24376e-05 3.88449e-05 3.86747e-05 1.7049e-05 5.08857e-06 1.005e-06 7.52206e-07 5.50008e-07 5.21749e-07 4.69039e-07 5.84814e-07 4.59717e-07 5.87794e-07 2.30224e-07 2.04573e-07 1.8759e-07 1.54279e-07 6.42295e-08 3.36231e-08 7.88453e-09 4.48592e-09
threshold=0.062899231150236254 0.66554200361944627 0.59119775861323698 0.080875622955635759 0.51977301064467285 0.42025193917453701 0.53441168327098165 0.53879389043165526 0.73834095661144949 0.83856718536116148 0.31421640790395688 0.89451493830606033 0.6373963754199593 0.53341077494570499 0.29941513590476571 0.44305112251313822 0.80282532167904164 0.75103374080460139 0.34958871915393658 0.24505825063295236 0.26381892895015907 0.37496413611063301 0.31900624164434233 0.05460780261589241 0.57246249878828626 0.06752184745943024 0.7889979970258606 0.75628809554207055 0.72015656866366917 0.32785859981037085 0.26645684342158954 0.085542589952477183 0.056924909403589158 0.75056766074630932 0.4325531536933353 0.40673003332714358 0.22851957166977702 0.074364555828241058 0.21680376028202117 0.51158211314019209 0.83075857425854516 0.84631358844701587 0.71279005600769418 0.28811016197609068 0.8517130465732482 0.58691940506588791 0.08801722609844212 0.54317068770881349 0.034876726184396363 0.061294062476680795 0.40615485932746492 0.57806094917540618 0.75833634339946032 0.13443250489426387 0.30299058942113749 0.51971355999748214 0.15410293435217823 0.25868518559272768 0.44542971432920159 0.6785930311416879 0.057177228913365276 0.87579145575979644 0.10706655292390768 0.074966404060850575 0.24882599661918495 0.18911514253980008 0.27716274509088101 0.87377060288364961 0.8144950018117002 0.28587423785165028 0.50735693303535123 0.65514587771918775 0.36157896083091295 0.55412671703506067 0.80417597955980502 0.62252489797564514 0.84386386647554679 0.80954298625487087 0.56868247025379592 0.5902620687427943 0.74091476968514913 0.044810055781109921 0.48728839016728154 0.57994404420000745 0.80385257089830298 0.79140212596043369 0.069185770448404224 0.3166074025083298 0.22765715072676268 0.2673287603308907 0.53066128944617275 0.27362673599941972 0.11020355039506137 0.40810934952846595 0.067875713150863021 0.61785930957270352 0.25738579618886775 0.70294832270330143 0.71633414193990319 0.55105586048880018 0.57304107901048462 0.36422133703725851 0.055619642641295042 0.25372662301323562 0.81852103812536836 0.30371320255565676 0.85702091837917405 0.11938121616603389 0.78236043362269536 0.17613150377009026 0.7380384566095437 0.57942068838048488 0.44240872207953563 0.63365898878507787 0.37653644687261184 0.5721231913794419 0.4398061010433319 0.44844043383437376 0.77371815679515443 0.16291436211934304 0.49145518392586146 0.29157827938928355 0.70781163456334828 0.2570333878291291 0.84330178991536042 0.77281078015553228 0.13278495887191541 0.070394370564112504 0.34558323041550348 0.30281550386560352 0.048601610314701678 0.66646479720623442 0.2018218994874437 0.77724646900749328 0.34203283203424656 0.75009462048485287 0.55475181601850732 0.47093791298133464 0.10655661721440988 0.69532396403675356 0.67260821704086005 0.29965671744460276 0.66752053769016795 0.74674865859802908 0.37248226896991282 0.096950686123372667 0.65121576121903491 0.3040972466998389 0.68707222727490613 0.087990259000826007 0.30102524168200384 0.70500887786008215 0.26393305474794831 0.37979356282687388 0.08873883796553618 0.04763992244751012 0.031619835606126703 0.68454762406552849 0.75400545349622483 0.30981335412384842 0.72152377922195876 0.38714667226023675 0.34084282837535812 0.35858772028806518 0.31969521455785382 0.79140212596043369 0.112618194401564 0.4964958188589515 0.28271737039720157 0.7754385416200521 0.50453174839753478 0.12764965039634704 0.74988893586213989 0.34239580241367579 0.21734442489465997 0.30281550386560352 0.74330306743569208 0.21733164178292311 0.81113693868761305 0.16845209740977443 0.079205798331277319 0.048144449529628375 0.75671117419521938 0.57951495330321812 0.33573581995782503 0.77314941376439605 0.45997148055733739 0.08801722609844212 0.38980365528267125 0.51498213386614233 1.0000000180025095e-35 0.74534367368975385 0.12303968840993569 0.3859308169347388 0.39412495973868772 0.73235100398004749 0.72154478033939806 0.83631518148314243 0.71584733161859726 0.7439541567283755 0.80626159111451601 0.29374520167492318 0.03618626082410676 0.70660941979816416 0.14704698209214592 0.43821897807018734 0.54317068770881349 0.051266246870156761 0.62695276564429159 0.33118644703950378 0.43970219898949026 0.6987678643473817 0.44968705669379111 0.24339586242602659 0.3859308169347388 0.51132021580375764 0.6658513671276044 0.76387974360543531 0.41819364616758969 0.41176054734421957 0.47196502822234115 0.38165712994504114 0.63981387840847104 0.2879802482764563 0.052771515029782876 0.30735867557433377
decision_type=2 2 2 2 2 2 2 2 2 2 2 2 2 2 2 2 2 2 2 2 2 2 2 2 2 2 2 2 2 2 2 2 2 2 2 2 2 2 2 2 2 2 2 2 2 2 2 2 2 2 2 2 2 2 2 2 2 2 2 2 2 2 2 2 2 2 2 2 2 2 2 2 2 2 2 2 2 2 2 2 2 2 2 2 2 2 2 2 2 2 2 2 2 2 2 2 2 2 2 2 2 2 2 2 2 2 2 2 2 2 2 2 2 2 2 2 2 2 2 2 2 2 2 2 2 2 2 2 2 2 2 2 2 2 2 2 2 2 2 2 2 2 2 2 2 2 2 2 2 2 2 2 2 2 2 2 2 2 2 2 2 2 2 2 2 2 2 2 2 2 2 2 2 2 2 2 2 2 2 2 2 2 2 2 2 2 2 2 2 2 2 2 2 2 2 2 2 2 2 2 2 2 2 2 2 2 2 2 2 2 2 2 2 2 2 2 2 2 2 2 2 2 2 2 2 2
left_child=1 2 3 4 17 23 9 15 24 10 20 12 26 16 25 19 61 -1 93 89 36 28 104 146 31 116 -12 55 48 30 82 32 33 -3 -18 65 -2 -21 59 102 77 -42 120 -33 54 46 -46 -9 -7 64 51 -44 58 -41 -11 -13 83 -38 -39 -25 -37 92 -63 -26 67 -27 -45 86 -35 -60 76 105 74 -59 -72 94 78 98 99 113 88 156 103 101 -82 -34 87 114 -80 -8 -88 -85 96 -19 95 -49 180 -98 -10 117 108 130 -24 -30 119 -17 131 151 121 126 141 -112 -74 167 -5 132 -4 122 -119 144 -32 -92 139 -124 -121 129 -90 -40 -123 -125 150 -87 -95 -132 -107 -105 179 162 -29 160 -141 166 -128 184 178 202 177 148 187 -130 159 -28 170 154 155 174 -43 181 173 191 168 -162 -118 209 -165 -122 -96 176 -50 -163 -131 -104 -140 189 -145 197 -16 -6 -23 -135 -14 -151 192 -184 185 -127 -157 -144 -176 -159 -166 201 193 -170 -155 -180 -179 -171 -156 -200 -143 -31 -120 213 -136 218 221 -198 -167 -134 -181 -211 219 222 -215 -216 220 -218 -177 -209 224 -186 223 -194 -203 -225
right_child=6 8 14 49 5 21 7 47 40 44 11 27 13 -15 79 71 34 18 -20 37 -22 22 39 38 63 35 107 138 29 56 42 43 85 68 -36 60 57 52 127 53 41 81 50 66 45 -47 -48 75 70 -51 -52 -53 -54 -55 -56 -57 -58 73 69 -61 -62 62 -64 -65 -66 -67 -68 -69 -70 -71 72 -73 112 -75 -76 -77 -78 -79 80 -81 84 -83 -84 91 -86 106 90 -89 109 -91 100 -93 -94 115 110 -97 97 -99 -100 -101 -102 -103 171 135 -106 134 -108 -109 -110 -111 111 -113 -114 -115 -116 -117 137 118 145 124 165 128 123 125 -126 143 142 -129 149 152 133 -133 163 136 204 -137 -138 -139 172 140 -142 200 147 153 -146 -147 -148 -149 -150 157 -152 -153 -154 194 198 186 -158 158 -160 -161 161 169 -164 164 190 208 -168 -169 182 175 -172 -173 -174 -175 188 205 -178 196 195 210 -182 -183 183 -185 206 -187 -188 -189 -190 -191 -192 -193 203 -195 -196 -197 207 -199 199 -201 -202 216 -204 -205 -206 -207 -208 212 -210 211 -212 -213 -214 214 215 -217 217 -219 -220 -221 -222 -223 -224 225 -226 -227
leaf_value=0.97139954824133734 -1.4474270938907186 -1.3292789043665745 -1.1968578496155866 -1.0657042088401794 -1.0476782616928637 0.19522701202367945 -1.0622756317793915 -3.4923667428228478 -1.3736021918713035 0.45635147997155162 0.69160831546140755 -0.11175109942815885 -1.072168739907565 -4.3762083237460461 -1.0815255681939364 -1.2105992386614286 -1.3076425762344857 -1.3198441620395267 0.85149162596662764 -1.2196212165103018 -1.439378395854771 -1.0727007502501407 -1.2752984795458118 0.99184087768653872 -3.5543634565203734 0.019941709134807646 -1.090507146071958 -1.1071087428428685 -1.2522695685258709 -1.0310774074659519 -1.1304344701170479 -1.1175739152999842 -1.5298140661830515 0.94224767929204989 0.74287289135495116 0.19023837810333163 -1.0602755007079612 -1.0567767641375048 -1.1127926902039855 0.88918487087819664 0.78759419389866048 -1.0821849854349426 0.84494745656767689 0.98327558737030385 -1.1739533558282707 -1.9052990328403221 0.82893187904337495 -1.4086610183156503 -1.0549371667963605 -3.0451645340931988 -1.4664274058305613 -1.1289240542999945 -1.1462856125349004 -1.0519207938032229 0.99762142906171336 0.87043040251873272 -3.3836521814417337 0.98543250498907642 0.9540815045512131 -1.0514895396594708 -1.3408661226081138 -2.8230535277227404 -1.3156289266497565 -1.1800307222020696 -2.5294049644723628 0.88908705099725294 0.16111817343470464 -1.9989960518296195 0.34107725725119037 0.52096948044638536 -2.1275929257994362 -1.9165251482437164 -1.0509946604367235 0.72599778911455914 -1.4287520807755483 -1.7399671848786127 -1.6560442815061758 -1.7471497012186195 -1.4179415376542142 -1.585577698442618 -1.7249410399992824 -1.5535540922577027 -1.6293614149574465 -1.0434065730337871 -1.2915290197081728 -1.0315078767930563 -1.3692983325923811 -1.5071003550437567 -1.1226246546566483 -1.455529873393254 -1.1392182504401016 -1.5151378923362024 -1.462040601541668 -1.0850235613601538 -1.0513228106031078 -1.0668420129859815 -1.1092237334375179 -1.3745632872664899 -1.0834659576556642 -1.2742174815377254 -1.2202791083765376 -1.2116773824442202 -1.0595939296603127 -1.0304075547644869 -1.2524591069120097 -1.080893759955176 -1.2131265259456046 -1.2338944786174741 -1.1985357009461184 -1.2209454305333662 -1.2246154043584134 -1.0599624949427486 -1.2029394317201902 -1.2298375964463786 -1.2100092687986925 -1.1694344098397473 -1.0461745098139241 -1.1844703930990665 -1.0138619097440966 -1.0727566161675801 -1.0603320678106161 -1.1058020104046851 -1.1327255899008977 -1.1208125813311722 -1.1606477629404912 -1.0576535989244418 -1.0184356408653603 -1.0305157179733277 -1.0172546211920268 -1.071382309267072 -1.0994707327456787 -1.0910007046644836 -1.0190068982291103 -1.0471820886150305 -1.0328596155548113 -1.0926829598419032 -1.0841547234519566 -1.012811264591517 -1.0384636128052875 -1.079987610556387 -1.017471001090152 -1.0434915211769937 -1.0391796451320732 -1.0143143203693814 -1.0889542856863101 -1.0748885844846834 -1.0709498668308717 -1.025852626601909 -1.0917263544433928 -1.0183286971592089 -1.0663423127989757 -1.0390576562123091 -1.0951484016640372 -1.042098124752203 -1.0295004306759421 -1.0712749818673615 -1.0214722619194727 -1.0250496485634049 -1.0903726414999 -1.0528393365853927 -1.0706513302077827 -1.0609270342684793 -1.085808315491817 -1.0672935652288753 -1.0152747764474777 -1.0144792247306631 -1.0924508101039172 -1.0251957987651641 -1.0150802992551071 -1.0297021010011544 -1.0307491646243272 -1.0142955672161109 -1.0777177552344006 -1.0728257773313767 -1.0443390566970174 -1.0147675905873339 -1.0482576198011508 -1.0372128261846147 -1.0543510638970457 -1.014804053016175 -1.0395616764921956 -1.0507602776327249 -1.0533587787487582 -1.0176448554945412 -1.0148288487556232 -1.0160933472413645 -1.093681238995095 -1.0692908528185834 -1.0685333096951837 -1.0549500611761986 -1.041774125921773 -1.0402245023198151 -1.0148169915464784 -1.0450705248842524 -1.0135330970023411 -1.0286752272761182 -1.0267202262013593 -1.0527207617772316 -1.0587364260526226 -1.0315650969693708 -1.0199804552030067 -1.015259846483648 -1.0347226298967607 -1.0288088861952032 -1.0121650483968343 -1.0274665306306425 -1.028447939987911 -1.0136554126650252 -1.0241352385581277 -1.0148447824802926 -1.0117975762285876 -1.0123945453947953 -1.0124869330281072 -1.0147948199195935 -1.0142672061774276 -1.0121469349621881 -1.0125199381730556 -1.0145164237049868 -1.0136926713312799 -1.0148078359467441 -1.0142029293446273 -1.0138513889874907 -1.0145784119043113 -1.0151294137783631 -1.0150500917470202 -1.0152849245713647
leaf_count=22 21 27 20 35 37 24 33 20 20 34 33 33 20 30 23 20 29 23 22 35 25 21 21 20 20 24 32 21 23 21 21 28 20 23 20 22 21 21 21 27 20 21 37 37 23 24 20 23 21 20 22 23 30 33 27 30 21 21 22 22 25 33 24 24 20 26 28 20 24 28 20 21 34 22 25 22 28 35 37 20 20 20 20 22 31 37 24 37 25 20 20 22 30 21 21 29 30 26 25 20 31 20 20 29 20 30 24 20 35 22 20 25 20 21 20 22 25 20 22 23 20 20 22 26 21 23 25 36 38 23 23 36 20 22 20 27 21 34 28 27 25 20 22 20 28 22 20 25 38 30 21 20 20 20 38 31 20 28 20 38 21 24 31 30 34 30 20 25 20 24 32 31 23 29 34 34 21 28 27 20 21 22 20 26 23 31 20 20 20 20 38 21 20 20 34 20 20 28 22 23 26 26 20 20 22 20 20 22 20 22 20 20 21 33 25 24 24 32 28 26 24 25 20 20 23 34
internal_value=0 -0.318204 -0.474587 -0.610242 -0.475727 -0.616549 0.198755 -0.325393 0.193827 0.349292 0.100095 -0.322933 -0.799231 -1.34434 0.187989 0.0473453 -1.05721 0.293787 -0.346057 0.279383 0.659154 -0.760769 -0.155818 0.245452 0.430486 0.422415 0.144345 0.417354 -0.904937 -0.535553 -0.100158 0.507927 0.0792129 0.524688 -0.0558792 0.613844 0.78041 0.493353 0.647195 0.42093 -0.75317 -0.167459 0.23314 0.831232 0.695132 0.125386 0.535857 -1.49116 -1.11685 -1.45225 0.510458 0.669634 0.636977 0.70843 0.840487 0.656822 -1.22416 0.857011 0.724212 0.894832 -0.559096 -1.64198 -2.18976 -1.85788 -1.33959 0.805923 0.927272 -1.27629 0.77676 0.787151 -1.17789 -1.30649 -1.52083 0.894725 -1.75088 -1.27336 -1.13412 -1.52946 -1.11587 -1.29899 -1.25227 -1.34186 -1.28005 -1.12867 -1.43841 -1.22319 -1.20895 -1.3493 -1.16096 -1.32572 -1.15317 -1.39119 -1.29181 -1.11202 -1.17242 -1.29498 -1.2161 -1.28409 -1.2458 -1.06502 -1.12067 -1.06988 -1.14052 -1.15505 -1.11393 -1.12271 -1.12469 -1.13796 -1.09119 -1.09874 -1.11189 -1.1714 -1.14066 -1.09528 -1.13566 -1.06699 -1.09014 -1.05837 -1.11202 -1.09297 -1.06917 -1.07397 -1.05297 -1.06516 -1.1303 -1.05956 -1.07863 -1.07514 -1.06407 -1.08857 -1.04775 -1.07165 -1.04734 -1.06789 -1.06271 -1.07133 -1.05122 -1.06243 -1.08089 -1.03856 -1.06348 -1.06063 -1.0657 -1.04925 -1.07094 -1.05197 -1.03917 -1.07161 -1.07723 -1.05411 -1.03534 -1.07902 -1.06978 -1.05515 -1.05913 -1.06689 -1.06914 -1.05897 -1.06691 -1.02911 -1.03471 -1.04431 -1.07269 -1.0381 -1.04673 -1.03682 -1.0768 -1.06275 -1.02739 -1.03768 -1.05462 -1.03985 -1.0615 -1.05678 -1.05077 -1.03117 -1.0708 -1.03171 -1.05698 -1.03068 -1.06084 -1.03737 -1.02379 -1.03834 -1.03019 -1.0414 -1.08171 -1.05627 -1.05708 -1.04273 -1.03224 -1.02115 -1.01982 -1.03295 -1.02736 -1.04557 -1.02362 -1.04446 -1.04184 -1.0486 -1.03255 -1.01723 -1.0234 -1.01624 -1.02423 -1.01825 -1.0186 -1.01733 -1.01896 -1.01576 -1.01363 -1.01387 -1.01382 -1.0146 -1.01406 -1.01343 -1.01447 -1.01381 -1.01432 -1.0143 -1.01489 -1.01434 -1.01501 -1.01513 -1.01516 -1.01523
internal_count=5637 4368 3879 3562 3093 2819 1269 528 489 741 613 503 368 263 317 302 233 274 252 189 110 2546 292 273 328 207 105 135 2254 693 272 284 191 74 49 97 85 136 99 132 161 81 173 93 128 67 43 226 1561 469 82 60 101 60 61 63 421 64 71 42 47 184 57 44 449 50 65 429 47 50 1537 113 99 43 45 206 1438 80 1410 110 265 61 99 400 51 117 409 92 214 53 317 44 127 230 184 52 97 56 45 1145 293 356 72 79 160 92 97 72 262 177 132 45 54 90 55 207 110 1125 84 140 91 227 1041 507 44 485 155 57 207 101 336 73 185 106 72 56 83 90 72 534 52 87 130 384 96 64 174 105 80 187 230 52 75 262 208 125 41 149 97 209 482 179 56 164 102 70 41 69 303 158 55 51 51 77 74 134 44 154 68 62 41 52 282 46 122 54 51 42 54 48 72 171 236 40 54 47 117 52 83 45 46 150 42 196 42 82 68 89 50 62 40 42 69 176 82 49 129 56 62 48 73 48 94 74 49 54
shrinkage=1


Tree=4
num_leaves=226
num_cat=0
split_feature=8 1 13 4 16 28 3 12 30 2 2 18 25 19 1 30 3 14 18 23 29 12 24 22 16 29 14 2 19 30 3 30 29 19 21 31 27 9 20 17 7 8 21 12 29 8 6 28 1 1 29 7 20 25 30 26 8 11 23 28 25 16 1 4 19 17 1 18 30 22 19 14 29 28 8 24 21 15 5 13 13 5 25 13 12 1 11 25 7 23 15 1 8 2 1 1 1 18 18 27 11 23 2 3 1 19 21 14 5 7 30 24 22 14 7 20 31 13 18 26 6 30 15 20 1 16 8 31 15 10 18 24 30 15 15 29 1 9 1 3 19 11 29 28 21 17 22 5 19 12 11 20 4 23 15 31 21 14 16 16 29 25 11 18 16 19 12 8 13 28 1 7 28 18 18 21 12 29 7 5 25 25 11 31 2 1 4 8 18 23 6 10 15 28 17 23 23 8 9 10 23 25 2 30 6 27 9 8 29 18 1 27 17 16 1 21 26 10 14 9 26 26 4 18 19
split_gain=8.10148 8.25733 8.29994 4.75295 7.82846 6.52038 4.85688 3.82537 3.27552 3.17734 3.15788 5.13801 3.58525 2.97374 2.76018 3.34808 5.53587 3.13889 4.9151 3.33159 3.11462 2.71426 2.76541 3.90997 3.22726 2.8898 2.54254 2.16497 2.05847 1.93248 1.92563 4.25946 1.81553 3.71373 1.80392 1.72388 1.8395 1.69833 1.5486 1.45787 1.43574 1.41005 1.34024 1.32675 1.27466 1.24091 1.176 1.1719 1.1149 1.06162 1.05248 0.846747 0.750329 0.575665 0.573704 0.538648 0.475443 0.435401 0.401478 0.359378 0.264889 0.256886 0.248539 0.243232 0.160464 0.157962 0.154417 0.112868 0.0752439 0.0502542 0.0407182 0.0361433 0.0309844 0.0304635 0.0285117 0.0214053 0.0184011 0.016832 0.0159331 0.0136272 0.0133348 0.00859982 0.00853269 0.00845794 0.00765848 0.00763307 0.00747501 0.00721349 0.00682327 0.00676522 0.00544874 0.00494715 0.00473688 0.0042235 0.00420596 0.00450022 0.00405031 0.00380337 0.00368563 0.00352129 0.00322334 0.00312399 0.00294684 0.00277451 0.00259926 0.00245958 0.00245231 0.00312941 0.00220317 0.00205804 0.00193227 0.00187348 0.00133285 0.00125742 0.00119563 0.00119342 0.00111204 0.00107683 0.000953363 0.000950331 0.000869745 0.00086204 0.000808366 0.000737156 0.000455772 0.000358202 0.000348746 0.000410891 0.000326649 0.000297287 0.0002698 0.000253324 0.000233077 0.00022296 0.000212452 0.000182243 0.000158003 0.000155561 0.000130536 0.00010321 9.22222e-05 9.19144e-05 8.30267e-05 8.13435e-05 7.78467e-05 7.35694e-05 6.92522e-05 6.05386e-05 5.6543e-05 5.41466e-05 4.61343e-05 4.58335e-05 4.106e-05 4.0923e-05 6.10603e-05 4.6682e-05 4.08233e-05 3.96454e-05 3.89904e-05 3.89777e-05 3.76092e-05 3.45236e-05 2.80605e-05 3.15141e-05 2.51196e-05 2.30196e-05 2.29945e-05 2.1858e-05 2.18084e-05 2.11565e-05 2.01681e-05 1.97635e-05 1.89357e-05 1.87037e-05 1.77518e-05 1.88186e-05 1.71691e-05 1.64337e-05 1.60635e-05 1.45325e-05 1.4215e-05 1.41182e-05 1.3831e-05 1.31057e-05 1.30604e-05 1.24125e-05 1.46959e-05 1.18798e-05 1.17819e-05 1.07295e-05 1.06198e-05 1.01234e-05 9.41681e-06 8.76043e-06 8.18358e-06 8.11168e-06 7.01652e-06 6.79741e-06 6.59568e-06 5.95881e-06 4.49117e-06 4.41693e-06 3.87057e-06 3.8176e-06 1.63973e-06 4.47802e-07 2.65309e-07 1.67437e-07 6.87259e-08 4.34602e-08 3.34963e-08 2.29602e-08 2.22763e-08 1.43469e-08 1.104e-08 7.82961e-09 5.96453e-09 5.57065e-09 4.88813e-09 2.27515e-09 2.03254e-09 1.99776e-09 1.11924e-09 8.84107e-10 1.18015e-10
threshold=0.55668545454960461 0.39668509334568908 0.60939887503068979 0.27395150835394949 0.73826323126914017 0.6947672222613045 0.034340107712965445 0.32885825838844041 0.24001456885202013 0.03822279364408887 0.052868598257398487 0.55879567018284693 0.61033483494823593 0.73653546518535185 0.76233049131799879 0.08801722609844212 0.074966404060850575 0.45931685487794865 0.49507145760064436 0.39523608471301525 0.38537646892258587 0.2879802482764563 0.76564965301452592 0.5767159997148753 0.67785499357826762 0.40242046721420471 0.24646478169480024 0.25718197378167879 0.79667351958808408 0.069988145388984319 0.112618194401564 0.14308886341320726 0.25737434387889985 0.82485151179420013 0.91850464198409365 0.11174636174636177 0.72015656866366917 0.27078396766247431 0.70908179772922342 0.71279005600769418 0.45029721696486674 0.018938670910100437 0.93096204841426899 0.53153445849433278 0.29924126730874367 0.045828166739023839 0.84601862118536564 0.44273627551379885 0.47251285345832134 0.48271930463329144 0.28578048051795574 0.44542971432920159 0.7719525368566601 0.45201895620606913 0.043960087262618054 0.26974203180443473 0.049121953259611495 0.43013354285218314 0.34361304010527921 0.39688167375359423 0.49940119667701993 0.85412443200526578 0.52622844882916442 0.3392974871187559 0.8517130465732482 0.88380823631834926 0.50422785745519205 0.53693801510351691 0.25323171050276738 0.54594537218107286 0.86437217950460166 0.48082731774807302 0.30801126920654781 0.49185360745265067 0.069917857433683964 0.73476595409910794 0.73018555902842974 0.54204227731168697 0.045214976848335836 0.53276539677499557 0.58412806254258942 0.07298199363073217 0.55872724623262782 0.68596574807775579 0.72377124992033848 0.6440334507975457 0.47168999194208833 0.61859138794439628 0.46536309140269311 0.21277640752123014 0.50883539976776448 0.54891631718868028 0.049750735561991409 0.16191313995112386 0.65478772720849598 0.82547013375406086 0.48325597253248992 0.55033403843713302 0.50661560775094416 0.60245846657322233 0.46499433165803589 0.34289299765749198 0.1226165206082717 0.073728665623924314 0.70855910926324739 0.79140212596043369 0.74967456359298934 0.35174604835852591 0.070817804884218669 0.56046818094620277 0.15410293435217823 0.70068482818173317 0.6007916903165762 0.52868118029169742 0.50291172640656612 0.8691586243468169 0.15806278839815427 0.42677651326470206 0.59927127618815346 0.37979356282687388 0.86276584063348294 0.084752712446635028 0.41414974845283226 0.74170788294630297 0.60101634515374458 0.69225347445993946 0.047340259083262143 0.15806278839815427 0.65686017061278867 0.22238429894081371 0.45937305743447227 0.69889571836083697 0.12106029399529521 0.40483042885149118 0.59412726381425918 0.45099484736358014 0.59533006557020363 0.18060619691423271 0.5902620687427943 0.10480527496124697 0.76957094644526991 0.49113804038576198 0.19777949048295354 0.54506842218585472 0.73235100398004749 0.70781163456334828 0.52186968157937197 0.052786562004936775 0.78628610594469894 0.4483796129653726 0.54283446147109038 0.79088500085395697 0.27123731818867297 0.32137195180897077 0.56562789016497228 0.33219783398142499 0.73451644893166523 0.40243876627435465 0.6786223453791399 0.73027691503385683 0.29363156912338606 0.47159015204796545 0.4313023351717884 0.49944825487780264 0.75839875022376646 0.81423992425026637 0.36661370420711298 0.072738893401493906 0.441564323552536 0.46443092629319166 0.50474221068082714 0.43520399525684539 0.55790017825253091 0.46518611284368211 0.43605300426986554 0.728020114076812 0.36582593748614972 0.28652093595209271 0.39335558939541049 0.055027600835250393 0.49940119667701993 0.53913126043281212 0.39603812258178389 0.084018801410105773 0.18303900250984118 0.56868247025379592 0.26199235309849722 0.041635996083945213 0.50027094420542306 0.4284364620441295 0.91858990546054076 0.26326704842355581 0.36219086218380836 0.74291577037869849 0.77817936024412104 0.32785859981037085 0.39615709004436744 0.031874363345605179 0.18984839986424248 0.2323977713765509 0.4910711151992368 0.50337420305259928 0.13053871906779071 0.11885722328351897 0.8748610546793455 0.69200238369447886 0.20371155322501397 0.046328020258879138 0.22615600070904204 0.47888840085769019 0.37517654052378852 0.75739191092158087 0.81841893208192229 0.69153223527278629 0.51548532975499584 0.73235100398004749 0.39830400543985378 0.28313262775870524 0.32023237927953924 0.25477864680580437 0.3342205428215736 0.36559673106851703 0.278731597582275 0.45796278547685326 0.79757748328180456
decision_type=2 2 2 2 2 2 2 2 2 2 2 2 2 2 2 2 2 2 2 2 2 2 2 2 2 2 2 2 2 2 2 2 2 2 2 2 2 2 2 2 2 2 2 2 2 2 2 2 2 2 2 2 2 2 2 2 2 2 2 2 2 2 2 2 2 2 2 2 2 2 2 2 2 2 2 2 2 2 2 2 2 2 2 2 2 2 2 2 2 2 2 2 2 2 2 2 2 2 2 2 2 2 2 2 2 2 2 2 2 2 2 2 2 2 2 2 2 2 2 2 2 2 2 2 2 2 2 2 2 2 2 2 2 2 2 2 2 2 2 2 2 2 2 2 2 2 2 2 2 2 2 2 2 2 2 2 2 2 2 2 2 2 2 2 2 2 2 2 2 2 2 2 2 2 2 2 2 2 2 2 2 2 2 2 2 2 2 2 2 2 2 2 2 2 2 2 2 2 2 2 2 2 2 2 2 2 2 2 2 2 2 2 2 2 2 2 2 2 2 2 2 2 2 2 2
left_child=1 8 3 4 9 6 78 69 13 49 50 12 32 40 15 16 20 29 19 55 48 -17 24 -24 25 70 -11 35 -10 39 31 38 58 91 61 36 108 -16 -26 139 -1 52 -36 63 117 -33 -35 -41 -8 -3 -9 -32 166 -53 -49 -19 -52 -40 -12 -13 -57 74 -25 88 86 -63 -55 80 83 -6 101 90 -30 -68 89 -73 77 -76 104 118 81 85 110 84 92 109 116 93 112 -15 161 168 171 -84 -87 120 -94 143 -98 -78 106 -23 -85 -93 125 113 128 -108 177 126 114 -99 131 -102 124 -44 -50 -38 136 130 129 -89 -101 -109 145 -5 137 -128 135 -96 170 -20 167 -118 162 140 179 -43 -103 -18 146 142 -139 -71 182 172 -91 149 192 178 199 -147 180 158 155 183 203 -157 174 -42 188 -7 -104 -164 194 -131 -37 201 -34 -160 -21 -4 -83 -156 175 -142 -171 -28 -144 -61 -148 -151 -137 -155 191 186 208 -182 -125 193 198 -124 -149 -163 -162 -167 -159 -179 -185 -107 206 -129 -202 205 -165 -150 -200 -176 -180 218 212 213 215 214 217 216 -211 220 -208 223 -210 -219 -221 224 -220
right_child=-2 2 68 5 7 71 14 10 28 26 11 59 -14 34 37 21 17 18 43 119 -22 22 23 62 30 -27 27 -29 72 -31 51 45 33 46 42 41 44 -39 57 47 159 67 115 -45 -46 -47 -48 54 64 -51 56 53 -54 66 -56 60 -58 -59 -60 79 -62 65 -64 -65 -66 -67 73 -69 -70 97 -72 75 -74 -75 76 -77 99 -79 -80 -81 -82 82 87 102 -86 94 -88 121 -90 100 -92 103 96 -95 95 -97 98 111 -100 122 105 138 134 -105 -106 150 107 123 -110 -111 -112 -113 -114 -115 -116 -117 133 -119 -120 -121 -122 -123 184 160 -126 -127 127 132 -130 165 -132 -133 -134 -135 -136 144 -138 141 -140 -141 153 -143 147 -145 -146 151 152 148 156 181 -152 -153 -154 154 173 157 -158 196 169 -161 164 189 163 204 -166 195 -168 -169 -170 176 -172 -173 -174 -175 207 -177 -178 197 185 -181 187 -183 -184 190 -186 -187 -188 -189 -190 -191 -192 -193 -194 -195 -196 -197 -198 -199 200 -201 202 -203 -204 -205 -206 -207 209 -209 211 210 -212 -213 -214 -215 -216 -217 -218 221 219 222 -222 -223 -224 -225 -226
leaf_value=0.79752166849416573 0.98961222930216319 -1.0570160711638632 -1.0232188479767561 -1.0200894949356076 -1.4865918113140113 -1.0318948109910635 -2.6225600169521996 -1.0216760189357448 0.80663721284857304 0.42409534416628231 0.45179100884255396 -2.24410288721963 -1.3186075271980313 -1.1851802141724339 0.95174646654136974 -1.3418144054218921 -1.0417686676079427 -1.0199169376754467 -1.0558272436634413 -1.0054358435863402 0.77118879993365907 -1.1302459881338327 0.4437038980293499 -1.892294916412385 -0.29028738779427826 0.76885755296344283 -1.0134928751745238 0.59729368999468335 -1.492345753225623 -1.0714060766072455 0.18837761969140643 0.09033764202641649 -1.0295283841372547 0.85761663991516868 0.78584580436800067 -1.0049445617534303 -1.1200916477062011 -0.15038741585275928 0.24797378691145638 -0.066889788766377592 -1.018262687013094 -1.0430776387810603 -1.1127512983177903 -0.1072912085683141 0.90866193906544113 -1.3828623125729926 -1.0709699964509662 0.9476290778700357 -1.0977753882682559 0.89241558828230538 0.077138664746756846 -1.0185432545825952 0.70537433221940737 0.64658806508338307 0.39251901445286802 0.92800503371655796 0.94744628301595379 0.93319245153352903 0.94583897369298198 -1.0126287243943122 0.45635881940769135 -1.7554155550579937 -1.1356962048711399 -1.6448438080918522 -1.794656332085049 -1.106183929470717 1.0154937994261755 -1.3770328039579678 -1.4030604011003791 -1.0446643207006725 -1.4065563001492007 -1.1558298182582971 -1.0406308390202184 0.91139263020939498 -1.3217980606964268 -1.3718816209204119 -1.1512098384744276 -1.0525619645986952 -1.2486534541003327 -1.2142231417174252 -1.2740912379604001 -1.0048079554380958 -1.2006116241065254 -1.1191655288992501 -1.2128638887994703 -1.1857991154119263 -1.1733859287969377 -1.0875091149028246 -1.1782975154308015 -1.0343189289828969 -1.1452049008575991 -1.1556428825826479 -1.0279720658233107 -1.0836961655430541 -1.0594539923594493 -1.1533128214237318 -1.0231654586286596 -1.1531589231561641 -1.1672467008254563 -1.0849551207578243 -1.1236688658143008 -1.0189363747040885 -1.0295428087693292 -1.0476024321052533 -1.1269598279248991 -1.0045721088011903 -1.1204844224531147 -1.0738694467803054 -1.097753737651967 -1.0871577476048853 -1.1060035231641072 -1.0184408161520662 -1.1027209231677995 -1.0438458350938897 -1.0900462012956491 -1.028117934691712 -1.0585203005805273 -1.0195617830672885 -1.093832123739545 -1.1006702058031612 -1.0907471520226855 -1.0204373515875818 -1.0104999998164395 -1.0050871145806544 -1.0593096540849289 -1.0653204382754713 -1.0703004543338472 -1.0154349132142255 -1.0448714034102371 -1.0159667655579743 -1.0522743561000412 -1.0175409996066929 -1.0476676385185972 -1.0242000107292673 -1.0511857672387128 -1.0266012143446497 -1.0511776026809663 -1.0341253927383565 -1.0476650966349155 -1.0139734677175329 -1.020763525546035 -1.0320847692851927 -1.0181817609684845 -1.0199355083330917 -1.0425369278224734 -1.0373419371836186 -1.0063978456511704 -1.0332339200667033 -1.0051796354911435 -1.0141936098937601 -1.0306380511459612 -1.0207065896325471 -1.0289750672273605 -1.0165018296189057 -1.0273036647391423 -1.0255139085376277 -1.025313600930809 -1.0146924029516196 -1.0276921076629724 -1.0342796436088217 -1.0240742969133743 -1.0196766736666749 -1.027552711784979 -1.0056154413949416 -1.0311127075101711 -1.0311704744609556 -1.0215693293307304 -1.0241204336526659 -1.0178093437355564 -1.0115797847446595 -1.0229387445793152 -1.0096158890752773 -1.0205406885597459 -1.0149199368855972 -1.0049566280010125 -1.00534964940501 -1.0222675158203327 -1.026622094173631 -1.005994106851239 -1.0260423907828151 -1.0092690779412858 -1.0256412136134021 -1.0149720611071955 -1.0119783216005866 -1.0270578250588853 -1.0149966563692181 -1.0162070422669529 -1.0206204754001169 -1.0172368957716273 -1.0139083077119471 -1.0155706430048659 -1.0222139603485831 -1.0242637688694469 -1.0270748322664556 -1.0148145032498375 -1.0235143345128053 -1.0050289762263138 -1.0188601695252653 -1.0069067586205001 -1.0155835971499525 -1.0132293116921771 -1.0082714288869983 -1.0051789825500801 -1.0128035629586942 -1.0115357768293027 -1.0078461166395023 -1.0052493106562195 -1.0065654980034218 -1.0050926559857558 -1.0055126047692935 -1.0044564066745292 -1.0047338366714895 -1.0047433075368635 -1.0048779579668288 -1.0049922830786713 -1.0050349200780468 -1.0051854796815198 -1.0053207676873701 -1.0055556579403415 -1.0052908453092617 -1.0052764420297409 -1.0054959793456473 -1.0054273130143379 -1.0054241364473087 -1.0055112032172606
leaf_count=20 33 30 28 34 26 31 20 37 33 25 22 20 37 20 32 32 21 21 20 20 20 20 24 22 20 21 34 21 20 39 21 25 31 20 21 26 20 37 21 23 39 20 22 28 20 22 20 25 29 20 27 21 20 23 29 20 24 23 23 21 24 21 33 20 20 23 20 37 23 20 20 29 21 24 25 22 20 24 25 27 20 27 20 20 27 25 28 20 23 20 22 20 34 21 26 20 25 22 39 21 25 30 28 21 24 20 20 20 27 39 39 23 20 22 21 27 22 25 20 23 20 25 22 27 33 20 20 35 35 27 35 35 31 32 20 28 20 24 20 31 27 39 20 24 20 38 37 21 29 27 22 24 20 21 20 24 26 20 29 20 20 33 20 20 22 21 28 27 35 36 25 39 28 28 30 21 39 21 20 22 24 22 20 31 21 29 20 32 27 23 20 21 20 21 21 21 32 20 20 25 20 37 20 20 22 20 32 22 20 24 21 31 26 28 29 20 20 23 20 20 32 26 28 21 24
internal_value=0 -0.15526 -0.0648605 -0.0104075 -0.248506 0.140417 0.202344 0.142123 -0.72237 -0.638959 0.254519 0.00394245 0.253557 -0.863959 0.248641 0.175501 -0.0816404 0.11145 -0.264543 0.303694 -1.08676 0.374833 0.417803 -0.289127 0.526776 -0.421757 -0.741552 -0.833752 0.322307 0.460352 0.636166 0.316956 0.422966 -0.0246972 -0.999133 -0.902759 -0.238601 0.75324 0.64249 0.562006 0.264113 -1.02686 0.0111149 -1.01562 0.440816 -0.844613 0.643046 0.640686 -1.45145 0.567568 0.787316 0.852485 0.0747007 0.929189 0.790026 0.677599 0.864213 0.831178 0.756707 -1.27556 0.739313 -1.10167 -1.40195 -1.31009 -1.20369 -1.48857 0.949023 -1.0995 -1.16205 -1.18437 -1.17645 -1.15907 -1.2857 0.983636 -1.05967 -1.25829 -1.15552 -1.24799 -1.15407 -1.13426 -1.0749 -1.07049 -1.0989 -1.11452 -1.14291 -1.05012 -1.11807 -1.14038 -1.11612 -1.03882 -1.06023 -1.09628 -1.11253 -1.17597 -1.09568 -1.0776 -1.13225 -1.10141 -1.15091 -1.07744 -1.03487 -1.08655 -1.06022 -1.13086 -1.08808 -1.07587 -1.02798 -1.05857 -1.06084 -1.03076 -1.06575 -1.13772 -1.06985 -1.10418 -1.05182 -1.06696 -1.06929 -1.0703 -1.0599 -1.05536 -1.04994 -1.06685 -1.0429 -1.0341 -1.03961 -1.04362 -1.02475 -1.03808 -1.01977 -1.0364 -1.04053 -1.04003 -1.02926 -1.04277 -1.03368 -1.01808 -1.03624 -1.01998 -1.03604 -1.03007 -1.01616 -1.01831 -1.01654 -1.03481 -1.03126 -1.0277 -1.0237 -1.01513 -1.02104 -1.01182 -1.02295 -1.03286 -1.01864 -1.01422 -1.01217 -1.01034 -1.01487 -1.01792 -1.0182 -1.02573 -1.02158 -1.02551 -1.02434 -1.01797 -1.02548 -1.02549 -1.01665 -1.01811 -1.02449 -1.02195 -1.01898 -1.01693 -1.01591 -1.02228 -1.0121 -1.01638 -1.01846 -1.02078 -1.00894 -1.02112 -1.01409 -1.02134 -1.02372 -1.00814 -1.02248 -1.0078 -1.00653 -1.01714 -1.01301 -1.02138 -1.00742 -1.01798 -1.02929 -1.02319 -1.01972 -1.0285 -1.00963 -1.02394 -1.00676 -1.01246 -1.00608 -1.01297 -1.00999 -1.00872 -1.00933 -1.00638 -1.00538 -1.00571 -1.00521 -1.00525 -1.00503 -1.00512 -1.00514 -1.00519 -1.00525 -1.00527 -1.00537 -1.00531 -1.0054 -1.00545 -1.00521 -1.00542 -1.00537 -1.0055 -1.00553
internal_count=5637 5604 3940 3595 2147 1448 1267 562 1664 1585 447 359 229 1590 1164 1095 653 482 314 168 171 442 410 79 331 111 1535 1510 74 168 220 111 192 147 1511 1489 167 69 64 129 79 1322 70 146 65 47 40 77 151 50 88 109 74 88 54 65 51 44 45 130 44 1441 55 118 131 44 67 1248 345 115 90 181 41 44 1397 51 154 49 103 110 1211 1191 296 322 192 895 111 86 98 1243 130 107 165 41 160 135 98 89 64 105 1223 70 130 41 78 114 1109 157 102 735 210 45 75 47 171 49 83 45 83 103 115 45 85 137 150 54 696 150 952 95 80 55 130 54 110 917 63 546 50 52 849 526 487 44 68 117 133 463 136 327 67 62 113 716 512 464 95 76 204 59 117 108 90 62 63 69 54 99 66 104 45 67 55 48 100 48 75 75 278 43 93 49 48 388 64 258 229 56 54 77 367 43 41 54 41 42 52 41 347 45 316 72 40 69 42 49 276 52 209 256 111 189 90 158 130 64 44 101 145 113 52 49 48 65 44
shrinkage=1


Tree=5
num_leaves=226
num_cat=0
split_feature=21 1 27 30 18 19 8 14 0 22 25 22 9 3 29 13 13 20 25 5 25 7 29 26 12 22 15 14 11 10 24 15 5 8 4 25 15 13 31 13 13 21 5 23 18 12 20 17 23 29 30 31 27 14 18 27 6 31 4 11 14 18 14 11 5 11 29 5 8 25 8 16 23 5 15 26 18 4 31 24 25 12 1 28 16 22 17 3 29 7 29 27 18 17 4 13 28 15 17 4 8 14 5 18 25 4 20 20 31 23 25 8 5 1 30 4 6 22 24 8 8 29 14 8 13 27 26 1 14 1 24 19 16 1 31 16 29 23 18 8 31 13 13 5 6 27 2 21 2 7 17 30 9 10 12 7 1 27 13 17 21 17 9 31 28 21 16 9 11 19 5 7 26 1 18 31 31 18 24 2 13 29 19 11 27 18 25 17 1 14 4 1 3 29 14 1 31 29 7 5 30 17 29 12 25 25 17 28 14 5 6 16 28 10 1 14 1 8 16 1 3 8 22 19 1
split_gain=3.06512 4.18164 2.44322 2.26031 2.63828 2.05697 2.11225 2.25824 2.87157 2.0563 1.81276 1.77018 1.81241 1.59341 2.20878 1.45605 1.4022 1.35592 1.34298 1.61653 1.71938 1.33691 1.0045 0.991061 1.03268 1.02699 1.55433 1.38595 1.45151 1.36973 1.35255 1.25261 0.980191 0.948502 0.912712 0.89091 0.860747 0.840136 0.765775 0.646553 0.644092 0.623291 1.0292 0.584084 1.20229 0.87175 1.05106 0.733183 0.554396 0.508771 0.494069 0.455733 0.433741 0.406538 0.330563 0.326029 0.253147 0.234564 0.207044 0.148845 0.103745 0.0985247 0.0910667 0.0753867 0.0353651 0.0329246 0.0271186 0.0142876 0.011736 0.0110207 0.00895581 0.00889753 0.0077556 0.00559375 0.00551875 0.00528209 0.00459984 0.00444109 0.00417767 0.00370411 0.00353269 0.00291804 0.00210645 0.00197304 0.00293223 0.00194525 0.00129862 0.000992774 0.000930421 0.000859995 0.000616958 0.000605494 0.000471511 0.000842053 0.000648939 0.000419051 0.000387709 0.000371962 0.000371637 0.000365802 0.00034337 0.000300714 0.000296016 0.000248429 0.000230978 0.000222429 0.000217184 0.000177924 0.000168693 0.00015412 0.000151933 0.000130177 0.000125448 0.000115133 0.000110236 9.90627e-05 9.82695e-05 9.79993e-05 9.58748e-05 8.43298e-05 8.24832e-05 9.62367e-05 7.62195e-05 7.55442e-05 7.24006e-05 6.97948e-05 6.69512e-05 6.5967e-05 6.52026e-05 6.32858e-05 6.28727e-05 6.17005e-05 5.846e-05 5.73367e-05 5.13449e-05 4.40173e-05 4.37208e-05 4.58915e-05 4.29936e-05 4.29284e-05 3.82227e-05 3.73393e-05 3.42618e-05 3.3075e-05 3.28844e-05 3.11565e-05 3.10307e-05 2.88704e-05 2.57621e-05 2.40225e-05 2.38642e-05 2.29366e-05 2.11592e-05 2.00575e-05 1.96136e-05 1.47808e-05 1.37041e-05 1.31854e-05 9.97573e-06 1.32892e-05 6.28397e-06 5.94318e-06 5.12942e-06 3.99477e-06 2.61446e-06 2.4982e-06 2.41978e-06 2.01234e-06 1.86988e-06 1.84468e-06 1.81061e-06 1.77593e-06 1.75493e-06 1.65378e-06 1.56973e-06 1.46374e-06 1.34041e-06 1.30057e-06 1.12233e-06 1.08083e-06 1.0161e-06 9.77455e-07 9.30819e-07 8.827e-07 8.79387e-07 8.74571e-07 1.27582e-06 9.97632e-07 8.56975e-07 1.17304e-06 8.53042e-07 7.26002e-07 7.23335e-07 7.09905e-07 7.07517e-07 7.06783e-07 6.91707e-07 6.8774e-07 8.11027e-07 6.87393e-07 8.25013e-07 8.17641e-07 6.77965e-07 6.65877e-07 6.30515e-07 6.20441e-07 5.91784e-07 5.6594e-07 5.46201e-07 5.28118e-07 5.04808e-07 4.50508e-07 4.06278e-07 3.13353e-07 2.48736e-07 2.93226e-07 1.84742e-07 4.79255e-08 3.8358e-08 4.71937e-09 1.92265e-09 9.40659e-10 9.26693e-10 5.9501e-10 4.28291e-10
threshold=0.74750911864137159 0.66554200361944627 0.86146385979934237 0.20697150095516706 0.55174431039475202 0.77724646900749328 0.36352425156228513 0.43076486420527987 1.0000000180025095e-35 0.50218979491107152 0.44775211379449026 0.63162817663439885 0.25326121385831035 0.033918309390086353 0.25213640274496468 0.56335666521105077 0.50433591812217904 0.61270357104814865 0.53515825405723283 0.094081379329797363 0.57147288465604884 0.44389668022652368 0.24009233532690707 0.20892936982339885 0.51073189990551582 0.59639588638317587 0.61108543654305658 0.46940755708780224 0.52570051114753624 0.21302277568137673 0.72110372954197366 0.46596402399888409 0.042737108406327703 0.028954831387918951 0.31401917826463416 0.57147288465604884 0.36219086218380836 0.58722730062831807 0.21240161048107295 0.60939887503068979 0.44244846418556621 0.71502744436710552 0.080850563960576924 0.26645684342158954 0.4509114256887583 0.46189760038926148 0.75903000612604188 0.73798599243976659 0.32137195180897077 0.28652093595209271 0.08801722609844212 0.48748287457964884 0.62657924254045227 0.49009218798100795 0.4822372099862447 0.62478325678620317 0.85792775501513796 0.18911514253980008 0.2567333679084241 0.5579377702407875 0.39529390437667861 0.55554884335714261 0.46835278083271165 0.4539656546460839 0.055027600835250393 0.58691940506588791 0.23219117486129151 0.095035521746742249 0.054242604377957311 0.55899629231070813 0.072328333912413223 0.75033187529272949 0.34505428304501912 0.096193366490972015 0.49153389244714873 0.35308047429165801 0.5320005029880861 0.26834376221138195 0.22408026755852842 0.77063618983737892 0.51924493284659123 0.41790754217956394 0.61177062156469486 0.63337808240569193 0.79860645138708686 0.6007916903165762 0.68261037712934336 0.14528283900539182 0.28811016197609068 0.85830384583356223 0.3379334672732916 0.65781163703500334 0.51719420769685109 0.79858619931920594 0.25868518559272768 0.49960641103098175 0.37385819027116324 0.39254647806255455 0.75410279353596321 0.28631168561207659 0.048358370041176053 0.53441168327098165 0.080850563960576924 0.42146368001267126 0.56274484621361542 0.14712867790211845 0.76820649704340516 0.68128783376747937 0.21680376028202117 0.34649552598475908 0.63865018126632112 0.062899231150236254 0.080850563960576924 0.49347358104424172 0.39201148406562819 0.31531371835926375 0.89736925171154047 0.5846085256681679 0.69424824593021595 0.16337216234727078 0.035931733084628277 0.40865387426442107 0.5700675723900761 0.044535833063985453 0.53556070469438055 0.74206253972963132 0.33118644703950378 0.54891631718868028 0.27029604364892212 0.52573641027709261 0.68026592682149267 0.83342961292551176 0.75334903629862693 0.44028349623581547 0.18911514253980008 0.74016242796440812 0.26054906734419575 0.36657369509888726 0.442595430215317 0.066830207484896972 0.21680376028202117 0.47366175160791563 0.46386703969270332 0.053621803479925713 0.84229701686356184 0.70942900790979568 0.042078581015602141 0.72630673369308429 0.039877483875934545 0.45109465394433018 0.67293696104513456 0.079205798331277319 0.28879400552316353 0.2323977713765509 0.61228263081320489 0.47189366805966249 0.57950779233184402 0.60079579747563672 0.56760925071427948 0.78386136056512157 0.728020114076812 0.86368845039944864 0.23192459380925429 0.37496413611063301 0.59970385158792983 0.72368922417357651 0.64020549857747711 0.21684521004871202 0.41225277823703682 0.8867387397645744 0.069383939443144277 0.48914154896455625 0.37653644687261184 0.41527950312253742 0.41892938228287574 0.29668669858919566 0.29453486522717115 0.46783468918018623 0.69889571836083697 0.039073120568787346 0.36181945402090115 0.31254875088643047 0.84908707615507406 0.33719710360675237 0.70660941979816416 0.44386006590066335 0.45967113292122791 0.7228499489671445 0.37517654052378852 0.48355878865614116 0.22504163187884299 0.37582478179080386 0.16965963210799687 0.275205780334214 0.50521983172164442 0.37582478179080386 0.18911514253980008 0.3590621644653213 0.42831065520974326 0.025801596068122049 0.052771515029782876 0.70781163456334828 0.26660285923962951 0.36469001106210769 0.52746562165595823 0.51158211314019209 0.732956932793697 0.46443092629319166 0.50800365373388001 0.032141524760089191 0.83068599062102588 0.67254357129268716 0.53225553829195371 0.23333271335960862 0.41819364616758969 0.38027813373666691 0.47251285345832134 0.040243630563129858 0.5950392016904148 0.38656790086497245 0.068040691686536356 0.035787364181984145 0.6120405920497628 0.80028937436296632 0.52034284238657336
decision_type=2 2 2 2 2 2 2 2 2 2 2 2 2 2 2 2 2 2 2 2 2 2 2 2 2 2 2 2 2 2 2 2 2 2 2 2 2 2 2 2 2 2 2 2 2 2 2 2 2 2 2 2 2 2 2 2 2 2 2 2 2 2 2 2 2 2 2 2 2 2 2 2 2 2 2 2 2 2 2 2 2 2 2 2 2 2 2 2 2 2 2 2 2 2 2 2 2 2 2 2 2 2 2 2 2 2 2 2 2 2 2 2 2 2 2 2 2 2 2 2 2 2 2 2 2 2 2 2 2 2 2 2 2 2 2 2 2 2 2 2 2 2 2 2 2 2 2 2 2 2 2 2 2 2 2 2 2 2 2 2 2 2 2 2 2 2 2 2 2 2 2 2 2 2 2 2 2 2 2 2 2 2 2 2 2 2 2 2 2 2 2 2 2 2 2 2 2 2 2 2 2 2 2 2 2 2 2 2 2 2 2 2 2 2 2 2 2 2 2 2 2 2 2 2 2
left_child=1 3 5 9 16 32 7 8 98 36 95 12 71 55 85 33 73 22 34 35 -21 -10 -11 24 104 26 27 28 29 31 91 123 118 117 80 -20 57 61 -32 -39 59 42 100 -35 -45 46 47 -46 58 -33 -50 -8 -18 -6 -37 -12 -23 -1 -34 -30 -4 65 -63 -56 82 68 -66 97 102 -57 83 124 -70 99 110 77 89 -72 -73 125 106 -62 105 92 86 126 -85 139 -84 103 130 -28 113 94 173 131 -83 -68 120 114 142 -17 128 -13 -19 -43 112 -104 -77 -38 -22 161 -14 174 136 162 182 -16 -2 158 203 -122 145 209 140 -78 -15 157 -27 165 -64 -3 146 191 -134 -98 137 -5 -135 -74 170 -129 152 -125 -123 164 150 -147 -130 -142 -107 -140 175 -24 163 206 166 -108 159 169 -158 171 -41 180 -115 -93 167 -148 -160 -105 212 194 177 -94 -29 179 -164 202 -155 -31 219 -165 188 190 -159 -176 -187 -188 -88 -190 195 -109 -170 -174 -95 -182 -180 198 -181 -185 201 216 -168 -7 -179 -196 -138 -169 -189 -25 -141 -192 -9 -202 223 -216 -201 -217 -209 -150 222 -222 -215 -200 -220
right_child=2 10 60 4 53 6 51 11 21 17 13 76 18 14 15 101 52 23 19 20 74 56 153 25 -26 37 30 70 40 41 38 49 48 43 -36 54 109 39 -40 115 -42 64 -44 44 45 -47 -48 -49 50 -51 -52 -53 -54 -55 63 69 -58 -59 -60 -61 81 62 90 -65 66 -67 67 -69 72 -71 75 78 87 -75 -76 108 79 -79 -80 -81 -82 96 88 84 -86 -87 116 -89 -90 -91 -92 129 93 111 -96 -97 135 -99 -100 -101 -102 -103 107 119 -106 132 127 133 -110 -111 -112 -113 -114 122 -116 -117 -118 -119 -120 -121 121 144 -124 143 -126 -127 -128 141 148 -131 -132 -133 134 138 -136 -137 155 -139 151 210 149 -143 -144 -145 -146 147 156 -149 154 -151 -152 -153 -154 178 -156 -157 160 184 168 -161 -162 -163 176 181 -166 -167 172 207 192 -171 -172 -173 193 -175 185 -177 -178 204 196 197 183 -183 -184 199 -186 186 187 208 189 -191 211 -193 -194 -195 205 -197 -198 -199 214 200 213 -203 -204 -205 -206 -207 -208 218 -210 -211 -212 -213 -214 220 215 217 -218 -219 224 -221 221 -223 -224 -225 -226
leaf_value=-1.0079797598057672 -1.0136046889423549 -1.0340964202842478 -1.7643533228313044 -1.0355570128080098 0.94280775943381823 -1.0051613378217688 0.96659058801248987 -1.0073350028391086 -0.62557276363941972 0.89394562057391125 0.027187584798403108 -1.0546750594353964 -1.0263101779919717 -1.043748380980424 -1.045669047620666 -1.067505321445493 -1.0239505493087713 -1.0614425498010402 -1.0249368752402601 0.520111055953555 -1.0592635876986833 0.86911939379664982 -1.0243913054480323 -1.0027303486228631 0.80050472867121147 -1.0265749594849447 -1.0832497822252392 -1.001966878716146 0.81665336331186489 -1.0081529470611412 -1.0475402474433453 -1.0499027297549779 0.3688717543609939 0.94628932159157042 0.20076921176640086 -1.0080596350315345 -1.0533837910981503 0.65711154127371263 0.83126113896421427 -1.0153705876525578 -0.68265850114635973 -1.0483176884235246 0.63524704530195064 -1.0451120450187388 0.31182935994792826 0.92305903881856821 0.78082943981532349 -1.1060022021915599 -1.0277000611492628 0.84073628025808056 0.574894571352488 -0.25122428693945881 0.82779753092838781 -1.0199553621771127 0.63472547488393249 -1.0456528900743733 0.45498689166960404 0.82739240493618471 0.95000741143644407 0.16155627950012949 -1.1643756084159778 -1.5643684950429733 -1.0077895113157922 0.98283801081634747 -1.4198356922503279 -1.4010307080168196 -1.0101687486719015 -1.2665828939091275 -1.1813480730595032 -1.2722018654799649 -1.0315308714772136 -1.2171040962692563 -1.0312609258580254 -1.1738850623678916 -1.1876130340315418 -1.026622483706445 -1.0102139317190333 -1.1842446949711714 -1.0576685893160576 -1.1566584075280961 -1.1503656393897939 -1.0729626072911775 -1.1159997819832799 -1.0888244864123777 -1.1489938231537709 -1.1263401099650143 -1.0049980478590372 -1.0825090079594475 -1.0365551263342034 -1.0951347862679455 -1.0999430447018748 -1.0127575669036688 -1.0021335513314091 -1.0082260121482967 -1.077728159276734 -1.0639531840057164 -1.0342247143486829 -1.0639706507272269 -1.0679799714506368 -1.0630371967497965 -1.0615475994081935 -1.0156768275085271 -1.0521303339927401 -1.0134695958491629 -1.0151580936623492 -1.0287125446268077 -1.0218936121522222 -1.001875479918932 -1.0614583110465821 -1.0093168378346913 -1.0083824187988832 -1.0373555358540645 -1.0622344442823026 -1.0058411098821947 -1.0453567675019806 -1.0429527350836636 -1.0439671387419263 -1.0114813465334713 -1.0487761563080675 -1.0436584119722168 -1.0417440325304523 -1.0278192637764378 -1.0422253076438637 -1.0202276802101036 -1.0367158244734476 -1.0418811449259102 -1.0207525537485806 -1.022318660513498 -1.0212326523054327 -1.0339877652711909 -1.0437985986439859 -1.0114904119397252 -1.0097576064690792 -1.0072401294205644 -1.0360721477740578 -1.0132791723908026 -1.0085276063066619 -1.008481056344843 -1.03688271149346 -1.0104579853215589 -1.0165399360508309 -1.0417651389241098 -1.0305029424554502 -1.0370757622352487 -1.0085365699846249 -1.0304734839484795 -1.0087024626935417 -1.0129927951381401 -1.0022804278203228 -1.0323075118510732 -1.0080445309387271 -1.0203354357527368 -1.0214909141824946 -1.0104144684982346 -1.0203075864972995 -1.0208262326685111 -1.0204206235506721 -1.0048845964450317 -1.0122067418827614 -1.0220786972046334 -1.0107212370030023 -1.0175530993720543 -1.0027970088419234 -1.0066725036182418 -1.0131826802066812 -1.0050943293277887 -1.0086447535292389 -1.0054317398886401 -1.0032932506708556 -1.0070095983527652 -1.0111989436701749 -1.011451559960765 -1.0021575484007326 -1.0088813746641692 -1.0095211655103531 -1.0084866345261494 -1.0089647780206703 -1.0050520264820324 -1.0026264118605552 -1.0068798657556459 -1.001916037997753 -1.0110808489013461 -1.0029227510310805 -1.0072382953027776 -1.0095659935541674 -1.0017796192491515 -1.0039192484981765 -1.0098387309010901 -1.009927056645441 -1.0055155499991006 -1.0096436462154015 -1.0067450744136524 -1.0083306523855198 -1.0071042423357019 -1.0067226796044755 -1.0065011229697916 -1.0078492942921495 -1.0071909815127003 -1.001864473268935 -1.0018463110242779 -1.0045945313321296 -1.007775019697412 -1.0117663088944089 -1.0094214304878601 -1.0086705458546175 -1.0024959233944126 -1.0044767767470821 -1.0029756889358623 -1.0063380588044226 -1.0070033375054841 -1.0073668326259182 -1.006101498183767 -1.0037282072303078 -1.0016716733871796 -1.0054750361431148 -1.0017328245594541 -1.0046976245437091 -1.0032375178675845 -1.0019331276407204 -1.001841608454243 -1.0016893230154846 -1.0014358302771538 -1.0019049698593854 -1.0019991008939835 -1.0017960828865828
leaf_count=22 26 33 20 24 20 20 21 21 34 20 21 21 21 20 20 20 25 25 31 21 20 33 20 24 22 23 20 31 20 22 26 25 27 33 29 28 21 35 22 20 20 25 30 38 20 26 28 23 39 20 23 21 20 31 24 36 35 35 22 20 21 20 21 20 20 20 31 23 31 20 30 20 21 20 20 32 28 34 22 36 20 20 20 33 25 27 29 34 27 20 20 20 34 38 37 27 20 38 20 23 20 34 28 20 37 20 20 33 22 32 21 20 20 34 20 20 22 20 20 20 39 20 20 27 27 21 25 23 27 21 20 28 32 30 27 26 36 23 25 21 24 20 20 25 34 29 22 24 21 22 23 21 20 28 20 20 22 23 21 20 22 22 29 23 20 30 25 31 25 20 24 23 31 27 29 32 24 32 22 20 26 23 24 23 24 31 27 21 38 29 20 20 20 20 33 32 22 20 35 24 24 20 24 20 26 35 23 21 23 22 20 21 21 20 20 23 20 26 38 34 24 20 29 35 20
internal_value=0 -0.273643 0.119466 -0.456565 0.151159 0.175282 0.0419801 -0.0678236 0.328163 -0.559091 0.1736 -0.332862 -0.149752 0.273734 0.379515 0.500981 -0.559291 -0.625317 0.0367337 0.28421 -0.336182 0.571926 0.35102 -0.673021 0.164815 -0.715638 -0.591786 -0.705208 -0.474863 -0.668603 0.131734 0.0362251 0.671048 0.582118 -0.591191 0.704538 0.441218 -1.02958 0.578317 -0.135262 0.269518 -0.911941 -0.374907 0.635672 0.458582 0.576812 0.175248 -0.422628 0.758188 0.610554 0.000238106 0.826192 0.492747 0.860306 0.843937 -0.824829 0.724434 0.743684 0.874754 0.594954 -1.23107 -1.1553 -1.37364 0.896131 -1.10744 -1.08642 -1.21683 -1.14094 -1.06541 -1.14256 -1.07267 -1.08783 -1.12075 -1.0688 -1.13817 -1.12802 -1.08286 -1.1602 -1.16777 -1.12553 -1.0629 -1.07984 -1.03316 -1.04703 -1.07879 -1.07437 -1.04775 -1.05994 -1.08429 -1.04024 -1.06973 -1.04819 -1.03262 -1.04417 -1.06513 -1.04654 -1.04539 -1.05218 -1.03729 -1.0386 -1.01797 -1.05369 -1.01998 -1.02786 -1.04435 -1.01727 -1.03652 -1.03374 -1.04585 -1.03525 -1.05184 -1.01924 -1.05252 -1.01886 -1.02766 -1.02126 -1.01387 -1.03231 -1.03439 -1.01889 -1.02803 -1.03215 -1.0259 -1.02789 -1.02304 -1.03138 -1.03556 -1.02499 -1.01159 -1.02369 -1.03602 -1.02515 -1.01365 -1.02378 -1.02602 -1.02564 -1.02108 -1.02907 -1.02846 -1.01807 -1.01746 -1.03323 -1.00983 -1.03257 -1.02008 -1.02044 -1.01098 -1.02509 -1.00885 -1.02393 -1.0213 -1.03245 -1.0078 -1.01322 -1.00731 -1.01314 -1.00891 -1.01328 -1.01449 -1.01731 -1.01522 -1.00947 -1.01076 -1.00605 -1.00999 -1.00888 -1.00712 -1.00499 -1.0091 -1.01085 -1.00869 -1.00794 -1.00832 -1.00634 -1.00678 -1.00572 -1.00696 -1.00915 -1.00857 -1.0049 -1.00505 -1.00971 -1.00748 -1.00544 -1.00786 -1.00744 -1.00648 -1.00738 -1.00797 -1.00872 -1.00673 -1.00436 -1.00643 -1.00484 -1.00668 -1.00508 -1.00634 -1.00423 -1.00367 -1.00454 -1.00396 -1.00552 -1.01051 -1.00811 -1.00719 -1.00513 -1.00758 -1.00339 -1.00852 -1.00541 -1.00922 -1.00838 -1.00617 -1.00251 -1.00294 -1.00382 -1.00347 -1.00265 -1.00223 -1.00204 -1.00172 -1.00159 -1.00183 -1.00194 -1.00189
internal_count=5637 4238 1399 3739 285 1292 1135 1093 255 3454 499 838 566 411 334 262 234 3344 385 185 82 102 112 3232 84 3148 2161 2022 1146 1086 139 143 157 208 200 103 110 987 48 128 60 943 323 168 135 97 71 43 111 45 62 42 45 51 72 77 68 57 49 40 107 859 81 44 620 778 112 92 758 56 876 181 127 189 61 118 272 64 42 85 171 87 508 758 200 72 175 96 47 187 61 91 558 269 98 88 66 69 153 169 293 54 631 167 62 461 151 157 54 53 41 171 41 289 146 93 142 40 46 146 133 93 127 98 139 49 45 110 474 71 41 61 436 129 59 46 126 47 76 62 112 43 273 52 54 107 377 53 451 46 43 46 253 92 424 79 334 67 126 60 44 151 73 404 54 50 290 132 66 40 66 129 158 61 162 233 53 107 72 201 358 46 120 303 47 131 102 71 96 67 99 53 45 51 106 58 44 179 159 204 181 64 49 40 58 68 59 110 44 46 41 41 42 117 139 69 44 49 79 55 93 44 49 70 58
shrinkage=1



feature importances:
Column_1=95
Column_14=51
Column_29=51
Column_8=49
Column_19=47
Column_17=45
Column_5=41
Column_30=39
Column_18=38
Column_4=35
Column_16=35
Column_23=34
Column_11=33
Column_24=33
Column_25=33
Column_7=32
Column_13=31
Column_28=31
Column_31=31
Column_2=30
Column_12=29
Column_15=29
Column_26=29
Column_27=29
Column_21=27
Column_22=25
Column_10=24
Column_3=22
Column_20=20
Column_6=19
Column_9=19
Column_0=2

pandas_categorical:null
