5.417315471245099268e+00
6.524449057179896982e+00
6.030220333580593284e+00
5.976045505689811854e+00
5.989298606782782031e+00
5.726583193181863152e+00
5.894284573555223616e+00
5.797490126163155288e+00
6.194624634289699117e+00
6.868676014995779511e+00
4.979695759228173202e+00
6.554860307232603489e+00
6.444971628248037376e+00
6.071589502774179081e+00
7.344391788313792802e+00
5.223071847227503284e+00
5.829377717734650410e+00
6.149908552006245976e+00
5.831247728712292577e+00
6.564641318275766579e+00
5.749230012893626451e+00
6.100519225022776659e+00
6.532723247564519831e+00
6.171313166017064589e+00
5.929895841910570731e+00
5.775070856129170593e+00
5.655752848853472514e+00
6.086437952806400098e+00
5.981515301481224789e+00
6.438305427358532285e+00
6.091520518802449047e+00
5.845001176128053366e+00
6.018607900472068728e+00
6.651789146781315054e+00
6.233819439643115246e+00
5.175389935606522052e+00
5.781457393359602293e+00
5.320799145943527542e+00
6.415843930853556643e+00
6.176527579589736305e+00
5.946823444508591905e+00
6.091991448384669994e+00
5.810073345272315670e+00
5.756946604788200084e+00
6.219534914661529079e+00
6.298840049955494180e+00
5.831062309504511987e+00
5.726908573717296669e+00
5.364660534552693427e+00
6.050622367129065537e+00
5.236466047269927593e+00
5.264915637366933687e+00
4.958013077338605967e+00
5.213868603813561542e+00
4.887337633766720479e+00
4.888372854427211145e+00
5.835824934511737894e+00
5.549052409237712702e+00
5.177333343531492105e+00
5.983350129994636113e+00
5.638857027418777257e+00
5.288373951295150199e+00
6.977003841925017547e+00
5.738093178446291631e+00
5.232914223755524397e+00
5.880838148603076299e+00
5.455941892124201331e+00
4.992485939640776138e+00
7.002591745666533640e+00
6.025327965008904663e+00
6.456333463465839806e+00
6.162412268720447450e+00
6.804266952927283896e+00
6.028555130349875668e+00
6.393813023506558224e+00
5.948068182839763907e+00
6.049509613691220977e+00
5.769557763172675102e+00
6.467676016497708957e+00
6.147824612121664423e+00
6.158739029232819462e+00
5.479969676130979295e+00
5.794372003843596630e+00
6.477227371448019966e+00
6.746116749235149257e+00
6.100087884708287334e+00
6.658964371456967513e+00
6.602409767441957733e+00
6.148360545770517938e+00
5.882016945643629313e+00
6.138367806236205482e+00
6.672273110817680930e+00
6.225745203237806003e+00
5.411097690505712876e+00
6.271558987799055629e+00
5.874108290297305857e+00
5.529365984844649695e+00
5.782128594629183382e+00
6.494665202537051485e+00
6.397587637873797028e+00
6.743523299919740310e+00
5.779622823457867042e+00
6.582785138235230704e+00
7.432972661580432572e+00
6.019387525505181635e+00
6.170953678052166325e+00
5.865114606973532929e+00
5.992303768372033268e+00
5.864261739266539486e+00
7.245815837408302151e+00
6.262021663381341696e+00
6.385446017906203586e+00
6.186361023975226026e+00
6.773539286661974579e+00
6.753771155707428697e+00
5.629173255413995491e+00
5.749649510979039313e+00
6.558984989141790400e+00
5.966867283042405212e+00
5.474769286113077449e+00
6.894944594929247828e+00
5.655432285455383123e+00
5.812259457709131993e+00
6.575506305929049944e+00
6.092432885940137766e+00
5.821635277216627991e+00
5.881109688019415138e+00
5.620232238713184891e+00
6.324821567195868077e+00
5.899435203089539392e+00
6.253125596349645932e+00
7.045251223342002156e+00
6.166957165241333527e+00
6.753771413279441305e+00
6.118036910868280387e+00
5.728495348827175704e+00
5.816563048236895739e+00
6.365650758148336585e+00
5.961158189667014717e+00
6.328016401871973784e+00
6.184211712404859007e+00
5.808541999564235780e+00
6.317653072783793178e+00
6.686356120295251948e+00
7.460187759966594001e+00
5.008919908069241700e+00
7.019670332692694359e+00
6.495000869883151395e+00
6.279136443855958483e+00
5.403931183154437434e+00
5.915327077952597712e+00
6.841735371756601403e+00
5.925988760148094059e+00
6.435281672883908399e+00
5.613307043910795713e+00
5.761715832016315986e+00
6.971781215665405540e+00
6.326970022439507346e+00
5.677622082045310492e+00
6.296145106846749329e+00
5.433296060573232111e+00
6.184615200637253452e+00
5.996665260535703368e+00
5.468950775154868715e+00
5.733495451596937187e+00
6.347548388188309687e+00
5.371709461912343997e+00
5.714785266656281948e+00
6.220288702833506989e+00
6.050918610206090342e+00
6.303227249393759557e+00
5.788029738556629056e+00
5.949109584848327081e+00
6.842177542385304179e+00
5.765655575787157261e+00
6.137132825878071074e+00
5.906203038124077764e+00
6.780546572709980069e+00
6.554110300085418395e+00
6.255206822865931215e+00
6.166697649149036842e+00
5.370600959349800974e+00
6.060713132711250672e+00
6.099271832413933225e+00
5.842166418479057377e+00
6.112181131083038288e+00
5.737468829404935633e+00
5.775907464524977719e+00
5.516617150936493630e+00
6.068353104570899603e+00
6.593963373882288259e+00
6.017290941948547633e+00
6.677509385456363411e+00
6.516991646546173911e+00
6.052166055739552242e+00
5.898752682209995157e+00
5.772579800579717535e+00
6.315678592293806126e+00
5.274097723855675213e+00
7.282987760683271361e+00
6.949911361379083274e+00
5.590834932739488394e+00
5.387527249407743746e+00
6.155055624455149754e+00
5.810403729190368516e+00
6.028041811267018879e+00
6.087171985264611784e+00
6.911773274704458458e+00
6.745813345712662112e+00
6.290037725844404903e+00
5.237142728032272210e+00
6.021401304576802893e+00
6.479715302370166796e+00
5.676069403710302552e+00
6.001821602994576565e+00
6.164092375106712929e+00
6.552625850964725274e+00
6.806779278954213197e+00
6.429619802675727414e+00
6.486186004664279636e+00
6.796984569807647425e+00
5.817417745969843068e+00
6.578598226747240929e+00
5.806341871738676552e+00
6.251245336802718988e+00
5.438656125226877691e+00
5.929627076595133772e+00
6.292136859096314261e+00
6.194908195780786109e+00
5.705863243442791166e+00
5.594461883769745292e+00
5.248340775913043821e+00
5.665724230135135819e+00
7.305638682591249378e+00
5.760046276883994842e+00
6.960509628132223625e+00
5.932431915462089478e+00
6.121421868545951384e+00
6.420528669403337219e+00
6.237598622724846997e+00
6.428465324045859575e+00
6.004141294023711772e+00
6.885065247343545636e+00
6.423232447106714815e+00
6.643311467905174794e+00
6.422329850029676379e+00
6.323908653961053616e+00
6.562972841406496727e+00
5.892960027278772550e+00
5.791126367839749101e+00
5.907313059484997630e+00
6.050123146514382988e+00
6.220233321459387454e+00
7.334331790826983166e+00
7.605881132807064127e+00
6.037037973613849751e+00
6.129053942891990125e+00
6.145050500561982432e+00
6.001954413924088350e+00
5.094862648154346196e+00
6.319299540586648334e+00
5.746094204078276313e+00
6.586082038175584685e+00
6.009884459353290076e+00
6.354250917002461918e+00
6.447549103692187700e+00
6.217369469014120575e+00
6.198624945027295219e+00
6.889063846082596143e+00
5.811916535670833106e+00
5.372615985865338395e+00
6.101065716971502795e+00
6.065562844271181753e+00
5.604638856487176746e+00
6.146504480790144775e+00
5.785834805795109226e+00
6.439016145847208605e+00
6.220304347168148951e+00
6.606499158805835492e+00
5.638141289023246294e+00
6.156520505900966000e+00
6.848445003557537270e+00
6.673980617868218168e+00
5.923150440264492111e+00
6.578121196935541981e+00
6.456343827779136291e+00
6.694635946827592221e+00
6.066263026784146639e+00
6.159534751912184802e+00
6.253881490789671815e+00
6.100147553767374831e+00
6.205339145564900072e+00
6.695985918646638169e+00
6.649027025985493111e+00
5.406779732674638517e+00
6.290873302313912063e+00
7.240029460184011612e+00
5.998753800422825577e+00
5.483089989789483809e+00
6.017387850898472834e+00
6.145042652299117947e+00
5.789847880992314622e+00
6.589182336022135544e+00
7.396465600621247027e+00
6.016278111023320996e+00
6.217147672956176763e+00
6.185168314386475963e+00
6.109946025854277707e+00
6.053082833664745976e+00
6.087266194745506454e+00
6.519033824701356394e+00
6.172745356575440212e+00
5.250306388553143577e+00
7.339375874756949969e+00
5.435631259763966661e+00
5.419142118509066464e+00
6.174510785378792832e+00
6.533261816449925874e+00
6.574014631308648049e+00
6.326853185127466084e+00
6.204185070872900276e+00
5.750621565123932299e+00
5.831631219469717742e+00
5.764841756618876545e+00
5.965128397164325413e+00
6.834575591835381658e+00
6.718465740112015361e+00
5.635044237355353758e+00
6.106646813369774662e+00
6.394636286754744603e+00
6.916946185770836308e+00
6.038355074548633183e+00
5.920102988457696114e+00
6.768543972228789229e+00
5.691328879061821056e+00
6.410042625757943924e+00
6.542644250303451869e+00
5.917579752081607580e+00
5.804782646967067805e+00
6.631539293018555270e+00
6.303980279599286973e+00
6.123684802885260403e+00
5.826716332691695754e+00
5.674580065897138148e+00
6.259166305405183373e+00
6.285918836510830943e+00
5.647021842927586910e+00
6.033029095727603597e+00
5.302872230857182956e+00
6.141290394886070203e+00
5.434005854546247960e+00
5.149391821606288389e+00
6.241734276101982282e+00
6.218585903011513594e+00
6.183518928148318494e+00
6.162345117678896145e+00
5.855032157547314320e+00
5.960555583764298504e+00
5.169832340159443262e+00
6.376997788895110375e+00
5.829530464715775295e+00
6.215159506207039719e+00
5.782133906298100534e+00
6.548860963060103124e+00
6.329817703351967140e+00
6.866642118812022133e+00
6.256739135779730177e+00
5.284508671107237099e+00
6.067181725586406671e+00
6.077063546444480657e+00
5.385634623956888412e+00
5.908447025455289214e+00
6.206881441022710888e+00
5.096342165132277557e+00
6.582712567255665448e+00
5.487721308967929978e+00
6.073235781632800645e+00
5.652466995108817116e+00
6.994788836375668950e+00
6.625269272956302302e+00
6.069079457788091325e+00
6.316068144133572204e+00
5.441844571464994118e+00
6.223210852590801423e+00
5.541588767153765360e+00
5.699922310282062199e+00
6.303884203515842444e+00
6.357188828307737793e+00
6.526007057301081105e+00
5.732360926800605938e+00
6.485812507452564546e+00
6.011390905041544386e+00
6.188186668523865563e+00
4.952991031385679754e+00
6.276870144863314849e+00
6.209265891271665616e+00
6.112551341788561743e+00
5.910428423738938619e+00
6.555399533737821471e+00
6.111282692424621743e+00
6.146936992969949998e+00
5.892606199030812064e+00
5.639909632548805618e+00
6.621905286228958687e+00
5.209072858435633613e+00
5.922824208492318832e+00
6.181382834854205477e+00
6.375279995464197214e+00
6.870148191716750397e+00
6.176283392427085239e+00
6.626280010754610039e+00
6.418595692195496305e+00
6.091105631405660858e+00
8.062255206578198496e+00
5.923077194702359272e+00
6.598466676838572909e+00
5.796209631776299886e+00
6.220266879039399122e+00
6.649691468892918067e+00
7.199044913661508893e+00
6.737903224543478231e+00
6.553421971223079012e+00
6.547269339496687657e+00
6.154605520619641723e+00
6.019314030371311297e+00
6.459269537412222206e+00
5.981228240310406008e+00
6.096308409659252803e+00
6.128422667712634109e+00
6.298708302138200210e+00
5.721125452700296599e+00
5.805285382275842565e+00
6.608485428190226330e+00
7.024647408981804730e+00
7.522376386551119509e+00
6.496577956518153840e+00
7.122265129766566005e+00
5.551683650798828751e+00
6.582965444429127011e+00
6.440145635592843476e+00
5.867489404327540292e+00
6.305121486016039611e+00
6.241246549741293670e+00
6.268615222911630980e+00
6.157064142194533574e+00
6.196456318837719301e+00
6.399991351173202503e+00
6.390570803642472875e+00
6.152288725991473584e+00
6.118099698372851947e+00
6.291970305662978546e+00
6.399508722009126238e+00
6.267502076794881916e+00
6.238069905406628202e+00
6.271550699601860401e+00
6.330224027039919932e+00
6.285709391885082375e+00
6.170212836586510541e+00
6.127841419105494403e+00
6.387941101712304892e+00
6.450900097299822278e+00
6.305639458237385142e+00
6.100504525306545744e+00
6.055804685424663880e+00
6.390839695061328207e+00
6.143437033032989270e+00
6.342866393311057394e+00
6.084539525100743695e+00
6.257623359194821155e+00
6.186517826845793877e+00
6.172140075241911106e+00
6.051887653121865718e+00
6.210219182793034420e+00
6.155013662045426770e+00
6.128909621872549174e+00
6.289149012795354210e+00
6.183649336552596409e+00
6.093304340082275949e+00
6.237547855670308117e+00
5.970296691673982359e+00
6.350395648130669812e+00
6.256390634334795919e+00
6.085070286043992027e+00
5.954419724212089093e+00
6.250667781250098365e+00
6.091696261879970820e+00
6.076635853262140508e+00
6.035470039480502535e+00
6.063865242240980002e+00
6.117892197168730561e+00
5.955791470835068324e+00
5.963452951226962284e+00
6.111554984750521946e+00
6.136655903010676205e+00
6.065230864470102290e+00
5.893631973110895039e+00
5.836013724961372162e+00
6.161441356854772344e+00
5.972483113818906730e+00
5.960067464806805049e+00
5.978136167255752476e+00
6.122619491698361394e+00
6.170650491315367248e+00
6.189208482842408543e+00
6.176182846524611136e+00
6.027929153066988732e+00
6.036449984808725411e+00
6.018604725798124555e+00
5.940020661749697339e+00
6.062111204478359383e+00
5.996678711110289939e+00
6.170942619352703495e+00
6.269907759939725267e+00
6.244108689161933512e+00
6.279825266889340618e+00
6.188321104561691932e+00
6.061583594911693851e+00
6.501164413843861567e+00
6.055599906601348614e+00
6.123124610174835780e+00
6.200334028271232256e+00
5.945293887466265303e+00
6.031159328977092393e+00
6.010238514970923873e+00
6.195384859203068473e+00
5.892458739933545075e+00
6.033723979329125520e+00
6.050122116421118967e+00
5.883571444519358984e+00
5.943583024735339393e+00
5.977186110337501468e+00
5.933310187608663355e+00
6.058664009566464337e+00
6.012418664615975850e+00
6.132350529273372430e+00
6.109873438196940398e+00
5.798026157705759687e+00
5.934826431249011769e+00
5.858783622175669059e+00
5.866502901365911349e+00
6.084698249759631139e+00
6.667707261058090751e+00
6.523564987393022818e+00
6.031623657107730629e+00
6.366220271485267368e+00
6.462240985555821382e+00
5.608101176536272270e+00
6.172356096614908694e+00
6.343685206780898866e+00
6.288272581548509876e+00
6.917803460962737461e+00
6.549415857893237103e+00
5.563860286142732647e+00
6.268380072556533733e+00
5.410834576295689757e+00
6.130821042351921157e+00
5.912788199563538960e+00
6.725858030271986365e+00
5.718131785125553534e+00
5.371871691043162755e+00
6.149490702687566035e+00
6.721467707832161409e+00
6.183705373374027481e+00
6.574300872854244027e+00
6.490257229065914402e+00
6.079693418139285654e+00
5.277026860938142327e+00
5.730709965487465141e+00
6.323750084210882250e+00
6.265218181074105885e+00
6.733361688966196468e+00
6.925234934812394272e+00
6.202405050772424211e+00
5.239233938463407014e+00
5.510855335617633521e+00
5.427311963008613738e+00
6.476311273742753727e+00
5.767668510793725112e+00
5.803140518302762452e+00
6.062943818871897150e+00
5.519191623972922400e+00
5.496318782336426345e+00
6.570599400010856073e+00
5.455705416114072115e+00
5.861103231270201164e+00
6.037236480642450331e+00
5.474641829831027096e+00
5.621314656766314144e+00
6.034318444185844399e+00
6.894847867293650623e+00
7.420308217270992657e+00
6.113347862683585987e+00
6.808445729137206470e+00
6.032267753114861186e+00
5.533643737835895138e+00
6.034140110287519398e+00
6.211384455753325540e+00
6.451298584663603286e+00
6.215393458859693077e+00
5.478044837447594517e+00
6.559456591028368422e+00
7.198416991712806023e+00
6.553026934522820035e+00
5.328798564223767187e+00
7.332629756790081998e+00
6.128589993570413341e+00
6.656025466023452353e+00
6.397742243557901887e+00
6.875766189618536472e+00
7.113428344446889540e+00
6.202782844967207332e+00
6.340796589824337914e+00
6.373699624678063280e+00
6.916281531098164237e+00
5.240768535726656019e+00
6.124212206734474861e+00
5.574401213340797412e+00
6.439348345551408670e+00
5.716652281539590597e+00
6.802719200954177481e+00
6.276165439264783430e+00
6.261704089730573131e+00
6.412483672523781486e+00
6.918997864324508029e+00
6.004489691904775661e+00
6.331513863228092731e+00
6.929874726299442678e+00
6.714191063190215303e+00
7.180930345691908911e+00
6.399732307742824311e+00
5.601942146996045757e+00
6.500539480529198499e+00
5.277843215537976640e+00
5.963882675284369661e+00
6.358819063838938135e+00
6.013119329291523485e+00
6.510065682017159183e+00
5.781195977929073138e+00
6.605636793678913321e+00
5.719751447509827003e+00
7.164849611575261790e+00
6.337519071703665574e+00
6.681446600394268742e+00
6.446781298825213113e+00
5.657695277897587083e+00
6.451154782704997537e+00
5.761682639092988722e+00
6.625805460189052809e+00
6.222758860893855548e+00
6.364725480992659001e+00
5.816744102586724807e+00
6.317727649863319250e+00
6.213842616709099431e+00
5.846479541951817183e+00
6.158581008962760173e+00
6.006438289997882762e+00
5.968593946786053372e+00
5.997598729549761032e+00
6.017457820674738223e+00
6.389355412808576773e+00
5.851650515666799279e+00
6.340037493743416519e+00
5.787634657895159407e+00
5.528833047256119571e+00
5.594757634653532818e+00
6.310495662277290307e+00
6.798428472647339404e+00
6.148133858652813366e+00
6.402710956456814984e+00
6.488955608355525762e+00
6.005994178162625374e+00
5.289866994161316782e+00
6.470913546600217003e+00
5.869250068449578528e+00
6.025914937902666857e+00
6.401198372150432192e+00
6.776337809858211436e+00
5.616006821432440788e+00
6.326035240333464316e+00
6.446903390149310908e+00
5.645853386805960383e+00
6.242946196653032409e+00
5.745224899271591745e+00
5.513602334182051479e+00
7.073911941082418942e+00
6.211868516868978674e+00
6.543257171811684536e+00
6.541453039698451377e+00
6.649702946436139683e+00
5.855483197018858554e+00
5.966817225266701996e+00
6.586565638997790018e+00
5.749792782428976956e+00
6.149477845828765332e+00
6.440705214689772973e+00
5.383611932048014026e+00
7.475012579161438353e+00
7.854606528986568748e+00
5.784444340552516550e+00
6.571768569527973725e+00
5.287892358815160954e+00
5.317351873003094198e+00
5.631218758621093556e+00
7.101250580550311220e+00
6.151094850938872760e+00
6.116101987320998745e+00
6.008009087179330798e+00
5.311055994106719247e+00
5.614397273122721188e+00
5.987645683755961734e+00
5.940092776540963015e+00
5.653677714336425630e+00
5.221236199230129493e+00
6.294764609401367395e+00
6.766495241270801486e+00
6.675832450837089205e+00
6.493245562095137480e+00
7.008105550626849478e+00
5.347837142035548830e+00
7.171263745496125885e+00
6.274280889711586262e+00
6.522334845127534919e+00
7.310914638475564331e+00
6.106329746794623148e+00
6.350923912128639159e+00
5.661154146267120879e+00
6.467790022734305033e+00
6.857245761213338398e+00
6.030344350204993376e+00
5.785916457380530176e+00
6.397851303578320881e+00
6.401894656592475918e+00
6.317186283348877218e+00
6.694274992286480597e+00
6.256236103414692273e+00
6.129014182470372774e+00
7.593433859979500156e+00
6.913901642007180826e+00
6.829625531737935518e+00
6.184413775130972013e+00
7.046058743061560214e+00
5.505765261577202807e+00
6.539478969007974207e+00
6.641691080738329589e+00
6.847627561990004885e+00
7.075439720729529647e+00
6.236347564907512186e+00
6.830698108116908251e+00
6.456294405498448796e+00
6.546346284220308398e+00
6.761939651728818390e+00
6.286635017527026470e+00
6.576137464730486215e+00
6.009337445907855013e+00
6.245829421990234387e+00
5.923011975558902797e+00
5.263105497597638127e+00
5.845044095911099191e+00
6.312491186727645420e+00
6.068668049357695438e+00
6.317470787668675314e+00
5.639645142617969675e+00
6.830912724656225343e+00
6.692221251523633896e+00
6.524597216104133679e+00
5.688140886111351158e+00
5.651997542551519871e+00
6.457783013215472323e+00
6.591117013943965652e+00
6.483752003596510605e+00
6.722647713105537548e+00
6.826361301837979845e+00
6.189397300851998018e+00
6.731069892873427385e+00
6.527438982381246646e+00
6.243222212055112408e+00
6.586152903389188573e+00
6.640286960456220910e+00
6.382822287292053254e+00
6.303708505061711875e+00
6.673590681373744005e+00
5.792380721998761750e+00
6.913341668244480154e+00
6.461853725098674950e+00
6.392275991030190063e+00
6.083695575408408551e+00
8.019762208391506775e+00
5.985541833637649134e+00
6.739224837583702055e+00
6.266937276354030750e+00
5.592679106880251716e+00
7.874902976296060508e+00
6.136266738271001664e+00
6.794657342461769112e+00
6.696642676711649145e+00
6.776657623521622043e+00
7.548735760443349818e+00
6.586924553601976484e+00
6.722182005311975850e+00
6.653530067339401555e+00
6.532412669986484843e+00
6.275964530883227255e+00
6.340469335237040482e+00
6.532951647276031615e+00
6.290927582781150385e+00
6.919544993845683223e+00
6.213152414521809774e+00
5.400592184749463343e+00
7.047419248180871065e+00
5.895955275139185936e+00
5.934039215427155511e+00
6.364174643229063122e+00
6.375240323785418717e+00
5.451057908055898515e+00
6.573457184365976147e+00
7.486621995065080526e+00
6.049407424590316218e+00
6.648885443090929215e+00
7.001326619924417294e+00
6.304979776951261883e+00
5.969110650325888834e+00
7.120493345876775848e+00
8.079218484131622802e+00
6.616661644650754681e+00
5.756381886735004727e+00
7.154060175874398908e+00
6.140006815359087433e+00
7.127656496942645248e+00
6.016795230366967395e+00
6.556331118678286884e+00
6.662977699035005585e+00
6.734715378089207505e+00
6.536722089592135632e+00
6.056959965381730093e+00
6.364892011753202183e+00
6.289648938030044434e+00
5.686806376204167179e+00
6.334120491050883039e+00
6.669833244742926937e+00
6.894405238370399758e+00
7.173370336381715617e+00
6.397401970489161371e+00
5.694462037175538782e+00
5.877424701440519428e+00
7.835967002589329766e+00
6.325291274734665237e+00
8.212649728101254709e+00
6.142739610437726760e+00
6.112032926010980916e+00
6.525431989702920710e+00
6.326223045382266541e+00
5.930135559279003488e+00
6.379757548200859496e+00
6.362352156864268693e+00
6.427951667520899193e+00
6.746606636413025271e+00
6.915696202724441299e+00
5.535514911663963034e+00
7.528309490779765412e+00
6.424294020718072318e+00
5.965546045531724850e+00
6.807208626128906204e+00
6.684007620392280913e+00
6.148760115804613235e+00
6.444995172869738553e+00
5.974226898198407909e+00
7.302792606946352905e+00
6.409243425118241966e+00
6.238680878986874845e+00
5.870791546994837518e+00
6.609628063607511095e+00
6.760311503129292632e+00
5.898453267547621337e+00
6.307850543356994244e+00
6.761494700735219965e+00
6.776851236667052802e+00
6.656810995024807553e+00
5.875823861612908594e+00
5.772311976236161435e+00
6.386944786630991189e+00
6.565983103330498949e+00
6.698817609525376859e+00
6.790723556677080275e+00
6.578656236455099560e+00
6.357707271271652694e+00
7.008364530263361480e+00
6.405430473123080226e+00
6.786524414796534899e+00
6.299863362789427157e+00
6.538757768969603035e+00
6.536609624943480412e+00
6.627950894629907275e+00
6.587779827936158128e+00
6.563307762145139002e+00
6.403336505085464481e+00
6.314745119840029730e+00
7.214293991052151966e+00
6.792417800576180831e+00
7.191499359817338011e+00
5.703325397067422031e+00
6.687560600778498454e+00
6.572861371846144607e+00
6.655623143297509259e+00
6.587604433219554245e+00
6.626450885318559969e+00
7.251061806676543320e+00
6.341894600629646384e+00
6.342679014118036918e+00
6.045139595872380589e+00
6.243879551821541973e+00
6.409916250598651111e+00
6.291719948495230419e+00
6.096441228421968894e+00
7.172473646432681704e+00
8.403728315269763272e+00
6.107135343975810926e+00
7.380767479548890009e+00
6.831457494012814102e+00
7.068739882951966536e+00
6.215177730398724343e+00
6.571563361647799084e+00
6.870802938044998420e+00
5.876760798700840560e+00
6.611284900811119414e+00
7.093735888069669038e+00
5.754319399655572376e+00
6.099151509599738397e+00
6.391276315663923846e+00
8.079544810280889777e+00
6.554172738741193882e+00
7.488818522855235749e+00
6.231127898216834993e+00
6.298560096218420057e+00
7.478740235337795639e+00
6.017762336108795296e+00
6.587603341852403815e+00
5.620329975448985493e+00
6.614498625691072498e+00
7.588964403973870176e+00
5.605548424016236098e+00
7.331371889505329698e+00
6.453080728452812664e+00
6.393485673502646627e+00
6.467292633322248463e+00
5.612454855127902320e+00
6.817258744900998479e+00
6.228885405299153355e+00
6.286614069456030407e+00
6.341800309256624857e+00
6.283575140626872724e+00
6.461079493409203067e+00
7.972527367241564633e+00
6.449700609032323229e+00
7.943814566942158706e+00
7.307314970637587948e+00
7.052226983565208940e+00
7.033002902144869672e+00
7.790931567112683531e+00
7.749386564130187338e+00
9.161575311820440604e+00
7.889600129600616185e+00
6.998056180256686076e+00
7.300683108160683332e+00
6.783421842007037128e+00
5.883696189269377541e+00
6.276345312805407417e+00
5.670910191223272001e+00
6.408464014449449131e+00
7.528636449018433652e+00
6.798769029106380479e+00
7.699905046218264104e+00
7.268819892346209066e+00
8.143127457096902333e+00
8.795764610472506462e+00
7.607054490398104107e+00
6.622694688932278417e+00
7.619475938965740269e+00
6.866865466368256676e+00
7.125061396088493204e+00
6.239437298211554683e+00
7.761059098839030668e+00
6.396350644523407070e+00
7.528152525892643609e+00
6.464674141372340088e+00
7.917484821284244134e+00
7.753501315951187856e+00
7.153813291877849423e+00
7.930179970914006837e+00
8.047741359374452230e+00
8.036494276145694116e+00
7.527288102922447877e+00
6.546503004429705008e+00
6.838246356457551300e+00
9.342215327412016990e+00
9.462420811365374718e+00
9.362810748299668973e+00
8.316033004549346686e+00
9.204685858888883132e+00
8.422347413562402352e+00
9.396919833898971675e+00
